# Camera list with one line of data per camera:
# CAMERA_ID, MODEL, WIDTH, HEIGHT, PARAMS[]
1 PINHOLE 1000 1000 833.333333 833.333333 500.000000 500.000000 0 0 0 0
2 PINHOLE 1000 1000 833.333333 833.333333 500.000000 500.000000 0 0 0 0
3 PINHOLE 1000 1000 833.333333 833.333333 500.000000 500.000000 0 0 0 0
4 PINHOLE 1000 1000 833.333333 833.333333 500.000000 500.000000 0 0 0 0
5 PINHOLE 1000 1000 833.333333 833.333333 500.000000 500.000000 0 0 0 0
6 PINHOLE 1000 1000 833.333333 833.333333 500.000000 500.000000 0 0 0 0
7 PINHOLE 1000 1000 833.333333 833.333333 500.000000 500.000000 0 0 0 0
8 PINHOLE 1000 1000 833.333333 833.333333 500.000000 500.000000 0 0 0 0
9 PINHOLE 1000 1000 833.333333 833.333333 500.000000 500.000000 0 0 0 0
10 PINHOLE 1000 1000 833.333333 833.333333 500.000000 500.000000 0 0 0 0
11 PINHOLE 1000 1000 833.333333 833.333333 500.000000 500.000000 0 0 0 0
12 PINHOLE 1000 1000 833.333333 833.333333 500.000000 500.000000 0 0 0 0
13 PINHOLE 1000 1000 833.333333 833.333333 500.000000 500.000000 0 0 0 0
14 PINHOLE 1000 1000 833.333333 833.333333 500.000000 500.000000 0 0 0 0
15 PINHOLE 1000 1000 833.333333 833.333333 500.000000 500.000000 0 0 0 0
16 PINHOLE 1000 1000 833.333333 833.333333 500.000000 500.000000 0 0 0 0
17 PINHOLE 1000 1000 833.333333 833.333333 500.000000 500.000000 0 0 0 0
18 PINHOLE 1000 1000 833.333333 833.333333 500.000000 500.000000 0 0 0 0
19 PINHOLE 1000 1000 833.333333 833.333333 500.000000 500.000000 0 0 0 0
20 PINHOLE 1000 1000 833.333333 833.333333 500.000000 500.000000 0 0 0 0
21 PINHOLE 1000 1000 833.333333 833.333333 500.000000 500.000000 0 0 0 0
22 PINHOLE 1000 1000 833.333333 833.333333 500.000000 500.000000 0 0 0 0
23 PINHOLE 1000 1000 833.333333 833.333333 500.000000 500.000000 0 0 0 0
24 PINHOLE 1000 1000 833.333333 833.333333 500.000000 500.000000 0 0 0 0
25 PINHOLE 1000 1000 833.333333 833.333333 500.000000 500.000000 0 0 0 0
26 PINHOLE 1000 1000 833.333333 833.333333 500.000000 500.000000 0 0 0 0
27 PINHOLE 1000 1000 833.333333 833.333333 500.000000 500.000000 0 0 0 0
28 PINHOLE 1000 1000 833.333333 833.333333 500.000000 500.000000 0 0 0 0
29 PINHOLE 1000 1000 833.333333 833.333333 500.000000 500.000000 0 0 0 0
30 PINHOLE 1000 1000 833.333333 833.333333 500.000000 500.000000 0 0 0 0
31 PINHOLE 1000 1000 833.333333 833.333333 500.000000 500.000000 0 0 0 0
32 PINHOLE 1000 1000 833.333333 833.333333 500.000000 500.000000 0 0 0 0
33 PINHOLE 1000 1000 833.333333 833.333333 500.000000 500.000000 0 0 0 0
34 PINHOLE 1000 1000 833.333333 833.333333 500.000000 500.000000 0 0 0 0
35 PINHOLE 1000 1000 833.333333 833.333333 500.000000 500.000000 0 0 0 0
36 PINHOLE 1000 1000 833.333333 833.333333 500.000000 500.000000 0 0 0 0
37 PINHOLE 1000 1000 833.333333 833.333333 500.000000 500.000000 0 0 0 0
38 PINHOLE 1000 1000 833.333333 833.333333 500.000000 500.000000 0 0 0 0
39 PINHOLE 1000 1000 833.333333 833.333333 500.000000 500.000000 0 0 0 0
40 PINHOLE 1000 1000 833.333333 833.333333 500.000000 500.000000 0 0 0 0
41 PINHOLE 1000 1000 833.333333 833.333333 500.000000 500.000000 0 0 0 0
42 PINHOLE 1000 1000 833.333333 833.333333 500.000000 500.000000 0 0 0 0
43 PINHOLE 1000 1000 833.333333 833.333333 500.000000 500.000000 0 0 0 0
44 PINHOLE 1000 1000 833.333333 833.333333 500.000000 500.000000 0 0 0 0
45 PINHOLE 1000 1000 833.333333 833.333333 500.000000 500.000000 0 0 0 0
46 PINHOLE 1000 1000 833.333333 833.333333 500.000000 500.000000 0 0 0 0
47 PINHOLE 1000 1000 833.333333 833.333333 500.000000 500.000000 0 0 0 0
48 PINHOLE 1000 1000 833.333333 833.333333 500.000000 500.000000 0 0 0 0
49 PINHOLE 1000 1000 833.333333 833.333333 500.000000 500.000000 0 0 0 0
50 PINHOLE 1000 1000 833.333333 833.333333 500.000000 500.000000 0 0 0 0
51 PINHOLE 1000 1000 833.333333 833.333333 500.000000 500.000000 0 0 0 0
52 PINHOLE 1000 1000 833.333333 833.333333 500.000000 500.000000 0 0 0 0
53 PINHOLE 1000 1000 833.333333 833.333333 500.000000 500.000000 0 0 0 0
54 PINHOLE 1000 1000 833.333333 833.333333 500.000000 500.000000 0 0 0 0
55 PINHOLE 1000 1000 833.333333 833.333333 500.000000 500.000000 0 0 0 0
56 PINHOLE 1000 1000 833.333333 833.333333 500.000000 500.000000 0 0 0 0
57 PINHOLE 1000 1000 833.333333 833.333333 500.000000 500.000000 0 0 0 0
58 PINHOLE 1000 1000 833.333333 833.333333 500.000000 500.000000 0 0 0 0
59 PINHOLE 1000 1000 833.333333 833.333333 500.000000 500.000000 0 0 0 0
60 PINHOLE 1000 1000 833.333333 833.333333 500.000000 500.000000 0 0 0 0
61 PINHOLE 1000 1000 833.333333 833.333333 500.000000 500.000000 0 0 0 0
62 PINHOLE 1000 1000 833.333333 833.333333 500.000000 500.000000 0 0 0 0
63 PINHOLE 1000 1000 833.333333 833.333333 500.000000 500.000000 0 0 0 0
64 PINHOLE 1000 1000 833.333333 833.333333 500.000000 500.000000 0 0 0 0
65 PINHOLE 1000 1000 833.333333 833.333333 500.000000 500.000000 0 0 0 0
66 PINHOLE 1000 1000 833.333333 833.333333 500.000000 500.000000 0 0 0 0
67 PINHOLE 1000 1000 833.333333 833.333333 500.000000 500.000000 0 0 0 0
68 PINHOLE 1000 1000 833.333333 833.333333 500.000000 500.000000 0 0 0 0
69 PINHOLE 1000 1000 833.333333 833.333333 500.000000 500.000000 0 0 0 0
70 PINHOLE 1000 1000 833.333333 833.333333 500.000000 500.000000 0 0 0 0
71 PINHOLE 1000 1000 833.333333 833.333333 500.000000 500.000000 0 0 0 0
72 PINHOLE 1000 1000 833.333333 833.333333 500.000000 500.000000 0 0 0 0
73 PINHOLE 1000 1000 833.333333 833.333333 500.000000 500.000000 0 0 0 0
74 PINHOLE 1000 1000 833.333333 833.333333 500.000000 500.000000 0 0 0 0
75 PINHOLE 1000 1000 833.333333 833.333333 500.000000 500.000000 0 0 0 0
76 PINHOLE 1000 1000 833.333333 833.333333 500.000000 500.000000 0 0 0 0
77 PINHOLE 1000 1000 833.333333 833.333333 500.000000 500.000000 0 0 0 0
78 PINHOLE 1000 1000 833.333333 833.333333 500.000000 500.000000 0 0 0 0
79 PINHOLE 1000 1000 833.333333 833.333333 500.000000 500.000000 0 0 0 0
80 PINHOLE 1000 1000 833.333333 833.333333 500.000000 500.000000 0 0 0 0
81 PINHOLE 1000 1000 833.333333 833.333333 500.000000 500.000000 0 0 0 0
82 PINHOLE 1000 1000 833.333333 833.333333 500.000000 500.000000 0 0 0 0
83 PINHOLE 1000 1000 833.333333 833.333333 500.000000 500.000000 0 0 0 0
84 PINHOLE 1000 1000 833.333333 833.333333 500.000000 500.000000 0 0 0 0
85 PINHOLE 1000 1000 833.333333 833.333333 500.000000 500.000000 0 0 0 0
86 PINHOLE 1000 1000 833.333333 833.333333 500.000000 500.000000 0 0 0 0
87 PINHOLE 1000 1000 833.333333 833.333333 500.000000 500.000000 0 0 0 0
88 PINHOLE 1000 1000 833.333333 833.333333 500.000000 500.000000 0 0 0 0
89 PINHOLE 1000 1000 833.333333 833.333333 500.000000 500.000000 0 0 0 0
90 PINHOLE 1000 1000 833.333333 833.333333 500.000000 500.000000 0 0 0 0
91 PINHOLE 1000 1000 833.333333 833.333333 500.000000 500.000000 0 0 0 0
92 PINHOLE 1000 1000 833.333333 833.333333 500.000000 500.000000 0 0 0 0
93 PINHOLE 1000 1000 833.333333 833.333333 500.000000 500.000000 0 0 0 0
94 PINHOLE 1000 1000 833.333333 833.333333 500.000000 500.000000 0 0 0 0
95 PINHOLE 1000 1000 833.333333 833.333333 500.000000 500.000000 0 0 0 0
96 PINHOLE 1000 1000 833.333333 833.333333 500.000000 500.000000 0 0 0 0
97 PINHOLE 1000 1000 833.333333 833.333333 500.000000 500.000000 0 0 0 0
98 PINHOLE 1000 1000 833.333333 833.333333 500.000000 500.000000 0 0 0 0
99 PINHOLE 1000 1000 833.333333 833.333333 500.000000 500.000000 0 0 0 0
100 PINHOLE 1000 1000 833.333333 833.333333 500.000000 500.000000 0 0 0 0
101 PINHOLE 1000 1000 833.333333 833.333333 500.000000 500.000000 0 0 0 0
102 PINHOLE 1000 1000 833.333333 833.333333 500.000000 500.000000 0 0 0 0
103 PINHOLE 1000 1000 833.333333 833.333333 500.000000 500.000000 0 0 0 0
104 PINHOLE 1000 1000 833.333333 833.333333 500.000000 500.000000 0 0 0 0
105 PINHOLE 1000 1000 833.333333 833.333333 500.000000 500.000000 0 0 0 0
106 PINHOLE 1000 1000 833.333333 833.333333 500.000000 500.000000 0 0 0 0
107 PINHOLE 1000 1000 833.333333 833.333333 500.000000 500.000000 0 0 0 0
108 PINHOLE 1000 1000 833.333333 833.333333 500.000000 500.000000 0 0 0 0
109 PINHOLE 1000 1000 833.333333 833.333333 500.000000 500.000000 0 0 0 0
110 PINHOLE 1000 1000 833.333333 833.333333 500.000000 500.000000 0 0 0 0
111 PINHOLE 1000 1000 833.333333 833.333333 500.000000 500.000000 0 0 0 0
112 PINHOLE 1000 1000 833.333333 833.333333 500.000000 500.000000 0 0 0 0
113 PINHOLE 1000 1000 833.333333 833.333333 500.000000 500.000000 0 0 0 0
114 PINHOLE 1000 1000 833.333333 833.333333 500.000000 500.000000 0 0 0 0
115 PINHOLE 1000 1000 833.333333 833.333333 500.000000 500.000000 0 0 0 0
116 PINHOLE 1000 1000 833.333333 833.333333 500.000000 500.000000 0 0 0 0
117 PINHOLE 1000 1000 833.333333 833.333333 500.000000 500.000000 0 0 0 0
118 PINHOLE 1000 1000 833.333333 833.333333 500.000000 500.000000 0 0 0 0
119 PINHOLE 1000 1000 833.333333 833.333333 500.000000 500.000000 0 0 0 0
120 PINHOLE 1000 1000 833.333333 833.333333 500.000000 500.000000 0 0 0 0
121 PINHOLE 1000 1000 833.333333 833.333333 500.000000 500.000000 0 0 0 0
122 PINHOLE 1000 1000 833.333333 833.333333 500.000000 500.000000 0 0 0 0
123 PINHOLE 1000 1000 833.333333 833.333333 500.000000 500.000000 0 0 0 0
124 PINHOLE 1000 1000 833.333333 833.333333 500.000000 500.000000 0 0 0 0
125 PINHOLE 1000 1000 833.333333 833.333333 500.000000 500.000000 0 0 0 0
126 PINHOLE 1000 1000 833.333333 833.333333 500.000000 500.000000 0 0 0 0
127 PINHOLE 1000 1000 833.333333 833.333333 500.000000 500.000000 0 0 0 0
128 PINHOLE 1000 1000 833.333333 833.333333 500.000000 500.000000 0 0 0 0
129 PINHOLE 1000 1000 833.333333 833.333333 500.000000 500.000000 0 0 0 0
130 PINHOLE 1000 1000 833.333333 833.333333 500.000000 500.000000 0 0 0 0
131 PINHOLE 1000 1000 833.333333 833.333333 500.000000 500.000000 0 0 0 0
132 PINHOLE 1000 1000 833.333333 833.333333 500.000000 500.000000 0 0 0 0
133 PINHOLE 1000 1000 833.333333 833.333333 500.000000 500.000000 0 0 0 0
134 PINHOLE 1000 1000 833.333333 833.333333 500.000000 500.000000 0 0 0 0
135 PINHOLE 1000 1000 833.333333 833.333333 500.000000 500.000000 0 0 0 0
136 PINHOLE 1000 1000 833.333333 833.333333 500.000000 500.000000 0 0 0 0
137 PINHOLE 1000 1000 833.333333 833.333333 500.000000 500.000000 0 0 0 0
138 PINHOLE 1000 1000 833.333333 833.333333 500.000000 500.000000 0 0 0 0
139 PINHOLE 1000 1000 833.333333 833.333333 500.000000 500.000000 0 0 0 0
140 PINHOLE 1000 1000 833.333333 833.333333 500.000000 500.000000 0 0 0 0
141 PINHOLE 1000 1000 833.333333 833.333333 500.000000 500.000000 0 0 0 0
142 PINHOLE 1000 1000 833.333333 833.333333 500.000000 500.000000 0 0 0 0
143 PINHOLE 1000 1000 833.333333 833.333333 500.000000 500.000000 0 0 0 0
144 PINHOLE 1000 1000 833.333333 833.333333 500.000000 500.000000 0 0 0 0
145 PINHOLE 1000 1000 833.333333 833.333333 500.000000 500.000000 0 0 0 0
146 PINHOLE 1000 1000 833.333333 833.333333 500.000000 500.000000 0 0 0 0
147 PINHOLE 1000 1000 833.333333 833.333333 500.000000 500.000000 0 0 0 0
148 PINHOLE 1000 1000 833.333333 833.333333 500.000000 500.000000 0 0 0 0
149 PINHOLE 1000 1000 833.333333 833.333333 500.000000 500.000000 0 0 0 0
150 PINHOLE 1000 1000 833.333333 833.333333 500.000000 500.000000 0 0 0 0
151 PINHOLE 1000 1000 833.333333 833.333333 500.000000 500.000000 0 0 0 0
152 PINHOLE 1000 1000 833.333333 833.333333 500.000000 500.000000 0 0 0 0
153 PINHOLE 1000 1000 833.333333 833.333333 500.000000 500.000000 0 0 0 0
154 PINHOLE 1000 1000 833.333333 833.333333 500.000000 500.000000 0 0 0 0
155 PINHOLE 1000 1000 833.333333 833.333333 500.000000 500.000000 0 0 0 0
156 PINHOLE 1000 1000 833.333333 833.333333 500.000000 500.000000 0 0 0 0
157 PINHOLE 1000 1000 833.333333 833.333333 500.000000 500.000000 0 0 0 0
158 PINHOLE 1000 1000 833.333333 833.333333 500.000000 500.000000 0 0 0 0
159 PINHOLE 1000 1000 833.333333 833.333333 500.000000 500.000000 0 0 0 0
160 PINHOLE 1000 1000 833.333333 833.333333 500.000000 500.000000 0 0 0 0
161 PINHOLE 1000 1000 833.333333 833.333333 500.000000 500.000000 0 0 0 0
162 PINHOLE 1000 1000 833.333333 833.333333 500.000000 500.000000 0 0 0 0
163 PINHOLE 1000 1000 833.333333 833.333333 500.000000 500.000000 0 0 0 0
164 PINHOLE 1000 1000 833.333333 833.333333 500.000000 500.000000 0 0 0 0
165 PINHOLE 1000 1000 833.333333 833.333333 500.000000 500.000000 0 0 0 0
166 PINHOLE 1000 1000 833.333333 833.333333 500.000000 500.000000 0 0 0 0
167 PINHOLE 1000 1000 833.333333 833.333333 500.000000 500.000000 0 0 0 0
168 PINHOLE 1000 1000 833.333333 833.333333 500.000000 500.000000 0 0 0 0
169 PINHOLE 1000 1000 833.333333 833.333333 500.000000 500.000000 0 0 0 0
170 PINHOLE 1000 1000 833.333333 833.333333 500.000000 500.000000 0 0 0 0
171 PINHOLE 1000 1000 833.333333 833.333333 500.000000 500.000000 0 0 0 0
172 PINHOLE 1000 1000 833.333333 833.333333 500.000000 500.000000 0 0 0 0
173 PINHOLE 1000 1000 833.333333 833.333333 500.000000 500.000000 0 0 0 0
174 PINHOLE 1000 1000 833.333333 833.333333 500.000000 500.000000 0 0 0 0
175 PINHOLE 1000 1000 833.333333 833.333333 500.000000 500.000000 0 0 0 0
176 PINHOLE 1000 1000 833.333333 833.333333 500.000000 500.000000 0 0 0 0
177 PINHOLE 1000 1000 833.333333 833.333333 500.000000 500.000000 0 0 0 0
178 PINHOLE 1000 1000 833.333333 833.333333 500.000000 500.000000 0 0 0 0
179 PINHOLE 1000 1000 833.333333 833.333333 500.000000 500.000000 0 0 0 0
180 PINHOLE 1000 1000 833.333333 833.333333 500.000000 500.000000 0 0 0 0
181 PINHOLE 1000 1000 833.333333 833.333333 500.000000 500.000000 0 0 0 0
182 PINHOLE 1000 1000 833.333333 833.333333 500.000000 500.000000 0 0 0 0
183 PINHOLE 1000 1000 833.333333 833.333333 500.000000 500.000000 0 0 0 0
184 PINHOLE 1000 1000 833.333333 833.333333 500.000000 500.000000 0 0 0 0
185 PINHOLE 1000 1000 833.333333 833.333333 500.000000 500.000000 0 0 0 0
186 PINHOLE 1000 1000 833.333333 833.333333 500.000000 500.000000 0 0 0 0
187 PINHOLE 1000 1000 833.333333 833.333333 500.000000 500.000000 0 0 0 0
188 PINHOLE 1000 1000 833.333333 833.333333 500.000000 500.000000 0 0 0 0
189 PINHOLE 1000 1000 833.333333 833.333333 500.000000 500.000000 0 0 0 0
190 PINHOLE 1000 1000 833.333333 833.333333 500.000000 500.000000 0 0 0 0
191 PINHOLE 1000 1000 833.333333 833.333333 500.000000 500.000000 0 0 0 0
192 PINHOLE 1000 1000 833.333333 833.333333 500.000000 500.000000 0 0 0 0
193 PINHOLE 1000 1000 833.333333 833.333333 500.000000 500.000000 0 0 0 0
194 PINHOLE 1000 1000 833.333333 833.333333 500.000000 500.000000 0 0 0 0
195 PINHOLE 1000 1000 833.333333 833.333333 500.000000 500.000000 0 0 0 0
196 PINHOLE 1000 1000 833.333333 833.333333 500.000000 500.000000 0 0 0 0
197 PINHOLE 1000 1000 833.333333 833.333333 500.000000 500.000000 0 0 0 0
198 PINHOLE 1000 1000 833.333333 833.333333 500.000000 500.000000 0 0 0 0
199 PINHOLE 1000 1000 833.333333 833.333333 500.000000 500.000000 0 0 0 0
200 PINHOLE 1000 1000 833.333333 833.333333 500.000000 500.000000 0 0 0 0