# Image list with two lines per image
# IMAGE_ID, QW, QX, QY, QZ, TX, TY, TZ, CAMERA_ID, NAME
1 0.9356531500816345 0.2831757664680481 0.201598659157753 0.06101389229297638 0.066098 -0.244043 8.001374 1 Half_Icosphere_1_1_ArrayCam_IN.001.png
0.0 0.0 0
2 0.875455379486084 0.2649567723274231 -0.386867880821228 -0.11708568781614304 -0.137287 -0.140176 7.845497 2 Half_Icosphere_1_1_ArrayCam_IN.002.png
0.0 0.0 0
3 0.48086753487586975 0.1455347090959549 -0.8275598287582397 -0.2504611909389496 -0.021988 -0.000831 7.636370 3 Half_Icosphere_1_1_ArrayCam_IN.003.png
0.0 0.0 0
4 0.09739720076322556 0.029477369040250778 0.9521567821502686 0.28817060589790344 0.252649 -0.018568 7.662994 4 Half_Icosphere_1_1_ArrayCam_IN.004.png
0.0 0.0 0
5 0.6384626626968384 0.19322921335697174 0.713060736656189 0.21580618619918823 0.307078 -0.168884 7.888584 5 Half_Icosphere_1_1_ArrayCam_IN.005.png
0.0 0.0 0
6 0.3451269865036011 0.2949524521827698 0.6773452162742615 0.5788729786872864 0.234285 0.168104 7.803749 6 Half_Icosphere_1_1_ArrayCam_IN.006.png
0.0 0.0 0
7 0.5202544331550598 0.33988022804260254 0.6559011936187744 0.42849794030189514 0.232463 -0.013779 7.811073 7 Half_Icosphere_1_1_ArrayCam_IN.007.png
0.0 0.0 0
8 0.5955178737640381 0.2739979922771454 0.6860396862030029 0.315647155046463 0.241094 -0.116242 7.841678 8 Half_Icosphere_1_1_ArrayCam_IN.008.png
0.0 0.0 0
9 0.3643912076950073 0.27078717947006226 0.7151596546173096 0.5314509272575378 0.234297 0.017594 7.782252 9 Half_Icosphere_1_1_ArrayCam_IN.009.png
0.0 0.0 0
10 0.22483816742897034 0.14688657224178314 0.8064223527908325 0.5268349647521973 0.199356 0.152792 7.737996 10 Half_Icosphere_1_1_ArrayCam_IN.010.png
0.0 0.0 0
11 0.5077934265136719 0.27427318692207336 0.7185379862785339 0.3881020247936249 0.266815 -0.028334 7.795592 11 Half_Icosphere_1_1_ArrayCam_IN.011.png
0.0 0.0 0
12 0.4069565534591675 0.2012316882610321 0.7986961007118225 0.3949388861656189 0.234283 0.016410 7.750658 12 Half_Icosphere_1_1_ArrayCam_IN.012.png
0.0 0.0 0
13 0.28283441066741943 0.1527671068906784 0.8331594467163086 0.450013667345047 0.182482 0.082949 7.722632 13 Half_Icosphere_1_1_ArrayCam_IN.013.png
0.0 0.0 0
14 0.20497989654541016 0.09431201219558716 0.885027289390564 0.40720412135124207 0.172941 0.050376 7.698939 14 Half_Icosphere_1_1_ArrayCam_IN.014.png
0.0 0.0 0
15 0.5876653790473938 0.2113664597272873 0.7349175810813904 0.2643289268016815 0.221887 -0.045357 7.845012 15 Half_Icosphere_1_1_ArrayCam_IN.015.png
0.0 0.0 0
16 0.5078580379486084 0.16768911480903625 0.8023548722267151 0.2649286687374115 0.281079 -0.037699 7.800708 16 Half_Icosphere_1_1_ArrayCam_IN.016.png
0.0 0.0 0
17 0.4234587550163269 0.163675457239151 0.8310856223106384 0.32123151421546936 0.234297 -0.023979 7.754686 17 Half_Icosphere_1_1_ArrayCam_IN.017.png
0.0 0.0 0
18 0.3506087064743042 0.11576753109693527 0.8824772834777832 0.2913851737976074 0.179394 0.013934 7.731045 18 Half_Icosphere_1_1_ArrayCam_IN.018.png
0.0 0.0 0
19 0.24913781881332397 0.0896080732345581 0.9074051380157471 0.3263690173625946 0.208512 0.072682 7.702163 19 Half_Icosphere_1_1_ArrayCam_IN.019.png
0.0 0.0 0
20 0.20159870386123657 0.06101388484239578 0.9356531500816345 0.2831757068634033 0.100008 -0.040222 7.695491 20 Half_Icosphere_1_1_ArrayCam_IN.020.png
0.0 0.0 0
21 0.11892373114824295 0.10163480043411255 -0.7508432865142822 -0.641686737537384 0.052763 0.374110 7.771252 21 Half_Icosphere_1_1_ArrayCam_IN.021.png
0.0 0.0 0
22 0.035362109541893005 0.023102011531591415 0.8364320397377014 0.5464404821395874 0.146140 0.226757 7.705548 22 Half_Icosphere_1_1_ArrayCam_IN.022.png
0.0 0.0 0
23 0.07853713631629944 0.036135196685791016 0.9050535559654236 0.4164183437824249 0.178352 0.088256 7.666491 23 Half_Icosphere_1_1_ArrayCam_IN.023.png
0.0 0.0 0
24 0.12556275725364685 0.09330851584672928 -0.7927597165107727 -0.5891176462173462 0.052762 0.217289 7.722091 24 Half_Icosphere_1_1_ArrayCam_IN.024.png
0.0 0.0 0
25 0.2921077013015747 0.19083355367183685 -0.7845652103424072 -0.5125554203987122 -0.048886 0.264275 7.689091 25 Half_Icosphere_1_1_ArrayCam_IN.025.png
0.0 0.0 0
26 0.011534943245351315 0.006230324972420931 -0.8797823190689087 -0.47519591450691223 0.151987 0.182017 7.657684 26 Half_Icosphere_1_1_ArrayCam_IN.026.png
0.0 0.0 0
27 0.1402299702167511 0.06934105604887009 -0.8853608965873718 -0.4377938508987427 0.052764 0.182143 7.624051 27 Half_Icosphere_1_1_ArrayCam_IN.027.png
0.0 0.0 0
28 0.26090219616889954 0.14092083275318146 -0.8402856588363647 -0.4538627564907074 -0.050800 0.207075 7.641253 28 Half_Icosphere_1_1_ArrayCam_IN.028.png
0.0 0.0 0
29 0.35437485575675964 0.1630491018295288 -0.8364858031272888 -0.38487014174461365 -0.085105 0.125776 7.634345 29 Half_Icosphere_1_1_ArrayCam_IN.029.png
0.0 0.0 0
30 0.04345490410923958 0.01562957465648651 0.9399814605712891 0.3380860984325409 0.137628 0.122390 7.641998 30 Half_Icosphere_1_1_ArrayCam_IN.030.png
0.0 0.0 0
31 0.06075023114681244 0.020059185102581978 -0.947629451751709 -0.31289851665496826 0.141287 0.104343 7.609062 31 Half_Icosphere_1_1_ArrayCam_IN.031.png
0.0 0.0 0
32 0.14591655135154724 0.05639982968568802 -0.9212647080421448 -0.35608816146850586 0.052763 0.116295 7.600346 32 Half_Icosphere_1_1_ArrayCam_IN.032.png
0.0 0.0 0
33 0.23506170511245728 0.07761524617671967 -0.9200206995010376 -0.30378246307373047 -0.037583 0.115969 7.593374 33 Half_Icosphere_1_1_ArrayCam_IN.033.png
0.0 0.0 0
34 0.3318031430244446 0.11934078484773636 -0.8805453181266785 -0.31670868396759033 -0.040702 0.148965 7.609828 34 Half_Icosphere_1_1_ArrayCam_IN.034.png
0.0 0.0 0
35 0.3868679404258728 0.11708571761846542 -0.875455379486084 -0.26495665311813354 -0.160963 0.010407 7.619510 35 Half_Icosphere_1_1_ArrayCam_IN.035.png
0.0 0.0 0
36 0.5375444889068604 0.4593973755836487 -0.5375444889068604 -0.45939740538597107 -0.201679 0.267227 7.788112 36 Half_Icosphere_1_1_ArrayCam_IN.036.png
0.0 0.0 0
37 0.46303340792655945 0.3024992048740387 -0.6974736452102661 -0.45565882325172424 -0.130352 0.225893 7.705927 37 Half_Icosphere_1_1_ArrayCam_IN.037.png
0.0 0.0 0
38 0.4684385359287262 0.21553027629852295 -0.7783670425415039 -0.3581295311450958 -0.097142 0.106120 7.651178 38 Half_Icosphere_1_1_ArrayCam_IN.038.png
0.0 0.0 0
39 0.5675540566444397 0.4217609763145447 -0.5675540566444397 -0.42176109552383423 -0.201679 0.113708 7.753301 39 Half_Icosphere_1_1_ArrayCam_IN.039.png
0.0 0.0 0
40 0.6974736452102661 0.45565876364707947 -0.4630333483219147 -0.3024991452693939 -0.241376 0.082507 7.768829 40 Half_Icosphere_1_1_ArrayCam_IN.040.png
0.0 0.0 0
41 0.5264543890953064 0.28435268998146057 -0.7049797773361206 -0.3807792663574219 -0.122708 0.155689 7.674947 41 Half_Icosphere_1_1_ArrayCam_IN.041.png
0.0 0.0 0
42 0.6338487267494202 0.3134258985519409 -0.6338487267494202 -0.31342586874961853 -0.201680 0.096151 7.689731 42 Half_Icosphere_1_1_ArrayCam_IN.042.png
0.0 0.0 0
43 0.704979658126831 0.3807792365550995 -0.526454508304596 -0.28435274958610535 -0.264046 0.059896 7.737752 43 Half_Icosphere_1_1_ArrayCam_IN.043.png
0.0 0.0 0
44 0.7783670425415039 0.3581295907497406 -0.4684384763240814 -0.21553032100200653 -0.259268 -0.037310 7.774049 44 Half_Icosphere_1_1_ArrayCam_IN.044.png
0.0 0.0 0
45 0.5173510313034058 0.1860765963792801 -0.7860038876533508 -0.2827035188674927 -0.138864 0.123189 7.641040 45 Half_Icosphere_1_1_ArrayCam_IN.045.png
0.0 0.0 0
46 0.6061495542526245 0.2001444697380066 -0.7309414148330688 -0.2413495033979416 -0.128784 0.069064 7.656657 46 Half_Icosphere_1_1_ArrayCam_IN.046.png
0.0 0.0 0
47 0.6595534086227417 0.25492995977401733 -0.6595534682273865 -0.25492990016937256 -0.201681 0.043538 7.680415 47 Half_Icosphere_1_1_ArrayCam_IN.047.png
0.0 0.0 0
48 0.7309413552284241 0.24134944379329681 -0.6061496734619141 -0.20014452934265137 -0.267611 0.024618 7.716623 48 Half_Icosphere_1_1_ArrayCam_IN.048.png
0.0 0.0 0
49 0.7860038876533508 0.2827034890651703 -0.5173510909080505 -0.1860765665769577 -0.231618 0.021592 7.764006 49 Half_Icosphere_1_1_ArrayCam_IN.049.png
0.0 0.0 0
50 0.8275598287582397 0.250461220741272 -0.48086753487586975 -0.14553463459014893 -0.328449 -0.111584 7.802583 50 Half_Icosphere_1_1_ArrayCam_IN.050.png
0.0 0.0 0
51 0.7508432865142822 0.6416867971420288 -0.11892371624708176 -0.10163474082946777 -0.177410 -0.004822 7.831027 51 Half_Icosphere_1_1_ArrayCam_IN.051.png
0.0 0.0 0
52 0.7845650911331177 0.5125554203987122 -0.29210785031318665 -0.1908336728811264 -0.214904 -0.015164 7.811679 52 Half_Icosphere_1_1_ArrayCam_IN.052.png
0.0 0.0 0
53 0.8364856839179993 0.3848702013492584 -0.35437488555908203 -0.16304919123649597 -0.204654 -0.087325 7.816900 53 Half_Icosphere_1_1_ArrayCam_IN.053.png
0.0 0.0 0
54 0.7927596569061279 0.5891176462173462 -0.12556274235248566 -0.09330853074789047 -0.177409 -0.150020 7.832751 54 Half_Icosphere_1_1_ArrayCam_IN.054.png
0.0 0.0 0
55 0.8364319801330566 0.546440601348877 0.0353621244430542 0.023102058097720146 -0.112095 -0.141305 7.867016 55 Half_Icosphere_1_1_ArrayCam_IN.055.png
0.0 0.0 0
56 0.8402856588363647 0.4538627564907074 -0.26090216636657715 -0.14092083275318146 -0.177655 -0.070926 7.823523 56 Half_Icosphere_1_1_ArrayCam_IN.056.png
0.0 0.0 0
57 0.885360836982727 0.4377939999103546 -0.1402299553155899 -0.0693410262465477 -0.177412 -0.122703 7.856929 57 Half_Icosphere_1_1_ArrayCam_IN.057.png
0.0 0.0 0
58 0.8797822594642639 0.4751960337162018 -0.01153496466577053 -0.006230369675904512 -0.162562 -0.155191 7.878771 58 Half_Icosphere_1_1_ArrayCam_IN.058.png
0.0 0.0 0
59 0.9050534963607788 0.4164184629917145 0.07853715121746063 0.036135233938694 -0.108871 -0.213493 7.924986 59 Half_Icosphere_1_1_ArrayCam_IN.059.png
0.0 0.0 0
60 0.8805453181266785 0.31670862436294556 -0.33180317282676697 -0.11934075504541397 -0.225487 -0.044063 7.843457 60 Half_Icosphere_1_1_ArrayCam_IN.060.png
0.0 0.0 0
61 0.9200206995010376 0.3037824332714081 -0.23506172001361847 -0.07761521637439728 -0.155900 -0.094778 7.877713 61 Half_Icosphere_1_1_ArrayCam_IN.061.png
0.0 0.0 0
62 0.9212646484375 0.356088250875473 -0.1459166258573532 -0.05639985576272011 -0.177411 -0.141712 7.884239 62 Half_Icosphere_1_1_ArrayCam_IN.062.png
0.0 0.0 0
63 0.947629451751709 0.31289857625961304 -0.06075022369623184 -0.020059168338775635 -0.192792 -0.133876 7.930462 63 Half_Icosphere_1_1_ArrayCam_IN.063.png
0.0 0.0 0
64 0.9399814605712891 0.33808618783950806 0.04345491901040077 0.015629561617970467 -0.100413 -0.133435 7.951626 64 Half_Icosphere_1_1_ArrayCam_IN.064.png
0.0 0.0 0
65 0.9521567821502686 0.2881706655025482 0.09739721566438675 0.029477303847670555 -0.170983 -0.237603 7.991710 65 Half_Icosphere_1_1_ArrayCam_IN.065.png
0.0 0.0 0
66 0.6773451566696167 0.5788729190826416 0.34512701630592346 0.2949525713920593 0.092040 -0.066086 7.840691 66 Half_Icosphere_1_1_ArrayCam_IN.066.png
0.0 0.0 0
67 0.8064222931861877 0.526835024356842 0.2248382568359375 0.1468866467475891 0.009342 -0.163303 7.876665 67 Half_Icosphere_1_1_ArrayCam_IN.067.png
0.0 0.0 0
68 0.8850271701812744 0.40720421075820923 0.20498007535934448 0.09431210160255432 0.004392 -0.224760 7.934637 68 Half_Icosphere_1_1_ArrayCam_IN.068.png
0.0 0.0 0
69 0.7151595950126648 0.5314509272575378 0.3643912076950073 0.27078720927238464 0.092027 -0.209416 7.850644 69 Half_Icosphere_1_1_ArrayCam_IN.069.png
0.0 0.0 0
70 0.6559011340141296 0.42849788069725037 0.5202544331550598 0.3398803472518921 0.160306 -0.097862 7.847960 70 Half_Icosphere_1_1_ArrayCam_IN.070.png
0.0 0.0 0
71 0.833159327507019 0.4500136375427246 0.28283458948135376 0.15276721119880676 0.063080 -0.184659 7.898088 71 Half_Icosphere_1_1_ArrayCam_IN.071.png
0.0 0.0 0
72 0.7986962795257568 0.39493900537490845 0.40695619583129883 0.20123155415058136 0.092037 -0.171994 7.894584 72 Half_Icosphere_1_1_ArrayCam_IN.072.png
0.0 0.0 0
73 0.7185378670692444 0.38810208439826965 0.5077934861183167 0.2742733657360077 0.113404 -0.140948 7.869425 73 Half_Icosphere_1_1_ArrayCam_IN.073.png
0.0 0.0 0
74 0.6860395073890686 0.31564706563949585 0.5955179929733276 0.27399811148643494 0.158262 -0.159301 7.878565 74 Half_Icosphere_1_1_ArrayCam_IN.074.png
0.0 0.0 0
75 0.9074049592018127 0.32636916637420654 0.24913790822029114 0.08960819244384766 -0.002543 -0.148219 7.969520 75 Half_Icosphere_1_1_ArrayCam_IN.075.png
0.0 0.0 0
76 0.8824772238731384 0.2913852632045746 0.3506087064743042 0.11576752364635468 0.097422 -0.160762 7.966742 76 Half_Icosphere_1_1_ArrayCam_IN.076.png
0.0 0.0 0
77 0.8310858011245728 0.3212314546108246 0.4234585165977478 0.16367530822753906 0.092022 -0.183433 7.930143 77 Half_Icosphere_1_1_ArrayCam_IN.077.png
0.0 0.0 0
78 0.8023548722267151 0.2649284601211548 0.5078582167625427 0.1676889806985855 0.083486 -0.140475 7.939378 78 Half_Icosphere_1_1_ArrayCam_IN.078.png
0.0 0.0 0
79 0.7349175214767456 0.2643287777900696 0.5876655578613281 0.21136648952960968 0.171597 -0.101864 7.913405 79 Half_Icosphere_1_1_ArrayCam_IN.079.png
0.0 0.0 0
80 0.713060736656189 0.21580609679222107 0.6384626626968384 0.19322916865348816 0.093831 -0.193498 7.925526 80 Half_Icosphere_1_1_ArrayCam_IN.080.png
0.0 0.0 0
81 0.6338974833488464 0.13182786107063293 0.7461352944374084 0.1551693081855774 0.355605 0.020587 7.886594 81 Half_Icosphere_1_1_ArrayCam_IN.081.png
0.0 0.0 0
82 0.5856761932373047 0.05150866508483887 0.8057965040206909 0.07086767256259918 0.271183 0.022748 7.834214 82 Half_Icosphere_1_1_ArrayCam_IN.082.png
0.0 0.0 0
83 -0.5220982432365417 0.020494477823376656 -0.8519829511642456 0.03344397991895676 0.224508 -0.050516 7.798385 83 Half_Icosphere_1_1_ArrayCam_IN.083.png
0.0 0.0 0
84 0.5852935910224915 0.10527906566858292 0.7912589907646179 0.14232699573040009 0.226288 -0.020666 7.841331 84 Half_Icosphere_1_1_ArrayCam_IN.084.png
0.0 0.0 0
85 0.5128368139266968 0.11884856969118118 0.8282686471939087 0.19194909930229187 0.285119 0.006786 7.798722 85 Half_Icosphere_1_1_ArrayCam_IN.085.png
0.0 0.0 0
86 0.5218937397003174 0.025170519948005676 0.8516491651535034 0.04107430577278137 0.266993 -0.021229 7.786149 86 Half_Icosphere_1_1_ArrayCam_IN.086.png
0.0 0.0 0
87 0.45197200775146484 0.042773276567459106 0.8870426416397095 0.08394704759120941 0.234297 0.003881 7.742907 87 Half_Icosphere_1_1_ArrayCam_IN.087.png
0.0 0.0 0
88 0.4462658762931824 0.08339755982160568 0.875843346118927 0.1636763960123062 0.234288 0.045316 7.750711 88 Half_Icosphere_1_1_ArrayCam_IN.088.png
0.0 0.0 0
89 0.3686458468437195 0.08543312549591064 0.9017374515533447 0.20897610485553741 0.177013 0.040906 7.729058 89 Half_Icosphere_1_1_ArrayCam_IN.089.png
0.0 0.0 0
90 -0.45233356952667236 0.03877319023013115 -0.8877500891685486 0.0760965496301651 0.234291 -0.001354 7.767858 90 Half_Icosphere_1_1_ArrayCam_IN.090.png
0.0 0.0 0
91 -0.3823900520801544 0.015010437928140163 -0.9231681227684021 0.03623836115002632 0.238310 -0.056263 7.725307 91 Half_Icosphere_1_1_ArrayCam_IN.091.png
0.0 0.0 0
92 0.3822402060031891 0.018435191363096237 0.9228065013885498 0.04450635984539986 0.195815 -0.014175 7.713185 92 Half_Icosphere_1_1_ArrayCam_IN.092.png
0.0 0.0 0
93 0.3076525628566742 0.027057530358433723 0.9474567770957947 0.08332711458206177 0.174414 0.048048 7.691471 93 Half_Icosphere_1_1_ArrayCam_IN.093.png
0.0 0.0 0
94 0.2961169183254242 0.053264033049345016 0.9386020302772522 0.16883105039596558 0.216800 0.032448 7.698478 94 Half_Icosphere_1_1_ArrayCam_IN.094.png
0.0 0.0 0
95 0.23103897273540497 0.048048388212919235 0.9514010548591614 0.19785945117473602 0.063021 0.104522 7.693501 95 Half_Icosphere_1_1_ArrayCam_IN.095.png
0.0 0.0 0
96 0.07426353543996811 0.015444288030266762 0.9762316346168518 0.20302274823188782 0.287148 0.127390 7.640921 96 Half_Icosphere_1_1_ArrayCam_IN.096.png
0.0 0.0 0
97 0.00018377725791651756 1.616884946997743e-05 0.9961549043655396 0.08760936558246613 0.163089 0.067172 7.583635 97 Half_Icosphere_1_1_ArrayCam_IN.097.png
0.0 0.0 0
98 -0.07839854806661606 0.00307748606428504 0.9961501359939575 -0.0391036719083786 0.077844 -0.068883 7.564718 98 Half_Icosphere_1_1_ArrayCam_IN.098.png
0.0 0.0 0
99 0.008418841287493706 0.0015143412165343761 0.9841686487197876 0.17702791094779968 0.122468 0.068629 7.601134 99 Half_Icosphere_1_1_ArrayCam_IN.099.png
0.0 0.0 0
100 0.0719536542892456 0.01667514443397522 -0.9715210199356079 -0.22514793276786804 0.140622 0.110486 7.587022 100 Half_Icosphere_1_1_ArrayCam_IN.100.png
0.0 0.0 0
101 0.0783679261803627 0.0037797000259160995 -0.9957598447799683 -0.04802536219358444 0.120324 0.001318 7.552847 101 Half_Icosphere_1_1_ArrayCam_IN.101.png
0.0 0.0 0
102 0.15573984384536743 0.014738746918737888 -0.9832947254180908 -0.09305598586797714 0.052773 0.043007 7.538053 102 Half_Icosphere_1_1_ArrayCam_IN.102.png
0.0 0.0 0
103 0.15377353131771088 0.028737148270010948 -0.9708801507949829 -0.18143755197525024 0.052758 0.120629 7.556229 103 Half_Icosphere_1_1_ArrayCam_IN.103.png
0.0 0.0 0
104 0.23178963363170624 0.053716715425252914 -0.9462050199508667 -0.21928103268146515 -0.036536 0.118170 7.571333 104 Half_Icosphere_1_1_ArrayCam_IN.104.png
0.0 0.0 0
105 -0.15586167573928833 0.013360175304114819 0.9840797781944275 -0.08435379713773727 0.052761 -0.036850 7.562345 105 Half_Icosphere_1_1_ArrayCam_IN.105.png
0.0 0.0 0
106 -0.23326583206653595 0.009156761690974236 0.971621572971344 -0.03814082592725754 0.026400 -0.070179 7.548261 106 Half_Icosphere_1_1_ArrayCam_IN.106.png
0.0 0.0 0
107 0.23317426443099976 0.011245893314480782 -0.9712409973144531 -0.046842847019433975 -0.016106 0.002907 7.536416 107 Half_Icosphere_1_1_ArrayCam_IN.107.png
0.0 0.0 0
108 0.3080061078071594 0.027088459581136703 -0.9473419189453125 -0.08331673592329025 -0.062724 0.072867 7.551486 108 Half_Icosphere_1_1_ArrayCam_IN.108.png
0.0 0.0 0
109 0.3121340274810791 0.05614519491791725 -0.933397650718689 -0.16789525747299194 -0.022691 0.080594 7.568961 109 Half_Icosphere_1_1_ArrayCam_IN.109.png
0.0 0.0 0
110 0.37230607867240906 0.07742701470851898 -0.9055006504058838 -0.18831318616867065 -0.192859 0.146293 7.597436 110 Half_Icosphere_1_1_ArrayCam_IN.110.png
0.0 0.0 0
111 0.5137338638305664 0.10683873295783997 -0.833439290523529 -0.173326313495636 0.011210 0.134438 7.624715 111 Half_Icosphere_1_1_ArrayCam_IN.111.png
0.0 0.0 0
112 0.5853768587112427 0.0514821857213974 -0.8060140609741211 -0.07088650017976761 -0.112358 0.062956 7.607434 112 Half_Icosphere_1_1_ArrayCam_IN.112.png
0.0 0.0 0
113 -0.6489492654800415 0.025474289432168007 0.7598199248313904 -0.029826510697603226 -0.190398 -0.063619 7.631572 113 Half_Icosphere_1_1_ArrayCam_IN.113.png
0.0 0.0 0
114 0.571669340133667 0.1028292328119278 -0.8011573553085327 -0.14410847425460815 -0.153328 0.061808 7.619465 114 Half_Icosphere_1_1_ArrayCam_IN.114.png
0.0 0.0 0
115 0.6292563080787659 0.14582820236682892 -0.7436849474906921 -0.1723465770483017 -0.128230 0.082082 7.645019 115 Half_Icosphere_1_1_ArrayCam_IN.115.png
0.0 0.0 0
116 0.6486948728561401 0.03128655627369881 -0.7595223188400269 -0.03663173317909241 -0.147908 -0.005138 7.619596 116 Half_Icosphere_1_1_ArrayCam_IN.116.png
0.0 0.0 0
117 0.7039616107940674 0.06662042438983917 -0.7039612531661987 -0.06662040203809738 -0.201677 0.022716 7.644327 117 Half_Icosphere_1_1_ArrayCam_IN.117.png
0.0 0.0 0
118 0.695073664188385 0.12989479303359985 -0.6950736045837402 -0.12989477813243866 -0.201680 0.081549 7.657123 118 Half_Icosphere_1_1_ArrayCam_IN.118.png
0.0 0.0 0
119 0.7436848282814026 0.17234671115875244 -0.6292563676834106 -0.1458282321691513 -0.269566 0.052711 7.704984 119 Half_Icosphere_1_1_ArrayCam_IN.119.png
0.0 0.0 0
120 -0.7045232653617859 0.06038957089185715 0.7045233249664307 -0.06038958579301834 -0.201681 -0.018443 7.668962 120 Half_Icosphere_1_1_ArrayCam_IN.120.png
0.0 0.0 0
121 -0.7598200440406799 0.029826581478118896 0.6489490866661072 -0.025474360212683678 -0.207995 -0.058671 7.694477 121 Half_Icosphere_1_1_ArrayCam_IN.121.png
0.0 0.0 0
122 0.7595224380493164 0.03663214296102524 -0.6486947536468506 -0.031286824494600296 -0.250486 -0.011215 7.682403 122 Half_Icosphere_1_1_ArrayCam_IN.122.png
0.0 0.0 0
123 0.806013822555542 0.07088655233383179 -0.5853771567344666 -0.05148220434784889 -0.271221 0.041177 7.730304 123 Half_Icosphere_1_1_ArrayCam_IN.123.png
0.0 0.0 0
124 0.8011571764945984 0.14410851895809174 -0.5716694593429565 -0.10282927751541138 -0.228105 0.016093 7.742430 124 Half_Icosphere_1_1_ArrayCam_IN.124.png
0.0 0.0 0
125 0.833439290523529 0.17332641780376434 -0.5137338042259216 -0.10683878511190414 -0.371559 0.062179 7.790927 125 Half_Icosphere_1_1_ArrayCam_IN.125.png
0.0 0.0 0
126 0.9055006504058838 0.18831317126750946 -0.37230607867240906 -0.07742693275213242 -0.090868 0.031989 7.860367 126 Half_Icosphere_1_1_ArrayCam_IN.126.png
0.0 0.0 0
127 0.9473418593406677 0.08331657946109772 -0.3080064356327057 -0.027088448405265808 -0.174490 0.015926 7.872717 127 Half_Icosphere_1_1_ArrayCam_IN.127.png
0.0 0.0 0
128 -0.9716215133666992 0.038140907883644104 0.23326607048511505 -0.009156853891909122 -0.209524 -0.042004 7.906551 128 Half_Icosphere_1_1_ArrayCam_IN.128.png
0.0 0.0 0
129 0.9333975911140442 0.16789549589157104 -0.3121342062950134 -0.05614529550075531 -0.219949 -0.031697 7.870986 129 Half_Icosphere_1_1_ArrayCam_IN.129.png
0.0 0.0 0
130 0.9462050199508667 0.21928101778030396 -0.23178958892822266 -0.05371671915054321 -0.149894 -0.039167 7.892560 130 Half_Icosphere_1_1_ArrayCam_IN.130.png
0.0 0.0 0
131 0.9712409377098083 0.046842657029628754 -0.23317447304725647 -0.011245917528867722 -0.167015 -0.031678 7.894145 131 Half_Icosphere_1_1_ArrayCam_IN.131.png
0.0 0.0 0
132 0.9832946062088013 0.09305597096681595 -0.15574023127555847 -0.014738747850060463 -0.177419 -0.028959 7.914859 132 Half_Icosphere_1_1_ArrayCam_IN.132.png
0.0 0.0 0
133 0.9708801507949829 0.18143746256828308 -0.1537739634513855 -0.028737200424075127 -0.177407 -0.017912 7.913957 133 Half_Icosphere_1_1_ArrayCam_IN.133.png
0.0 0.0 0
134 0.9715209603309631 0.22514793276786804 -0.071953684091568 -0.016675109043717384 -0.200042 -0.065004 7.945310 134 Half_Icosphere_1_1_ArrayCam_IN.134.png
0.0 0.0 0
135 -0.9840797781944275 0.08435381203889847 0.1558617204427719 -0.013360235840082169 -0.177404 0.028438 7.940367 135 Half_Icosphere_1_1_ArrayCam_IN.135.png
0.0 0.0 0
136 -0.9961501359939575 0.03910362347960472 0.07839864492416382 -0.00307751283980906 -0.140943 -0.037654 7.961887 136 Half_Icosphere_1_1_ArrayCam_IN.136.png
0.0 0.0 0
137 0.995759904384613 0.04802505671977997 -0.07836814969778061 -0.0037796548567712307 -0.183423 -0.037018 7.949394 137 Half_Icosphere_1_1_ArrayCam_IN.137.png
0.0 0.0 0
138 0.9961549043655396 0.08760954439640045 0.00018369533063378185 1.6155554476426914e-05 -0.162940 -0.003235 7.980802 138 Half_Icosphere_1_1_ArrayCam_IN.138.png
0.0 0.0 0
139 0.9841686487197876 0.17702794075012207 0.00841863825917244 0.0015143075725063682 -0.115569 -0.071913 7.979156 139 Half_Icosphere_1_1_ArrayCam_IN.139.png
0.0 0.0 0
140 0.976231575012207 0.20302286744117737 0.07426353543996811 0.01544428151100874 -0.226132 -0.031575 8.006579 140 Half_Icosphere_1_1_ArrayCam_IN.140.png
0.0 0.0 0
141 0.9514010548591614 0.19785940647125244 0.23103900253772736 0.048048343509435654 0.121974 -0.038380 8.022219 141 Half_Icosphere_1_1_ArrayCam_IN.141.png
0.0 0.0 0
142 0.9474568367004395 0.08332698792219162 0.3076523244380951 0.02705743908882141 0.062551 -0.008926 8.012875 142 Half_Icosphere_1_1_ArrayCam_IN.142.png
0.0 0.0 0
143 -0.9231683015823364 0.036238688975572586 -0.38238951563835144 0.015010572969913483 0.046904 -0.033904 8.009647 143 Half_Icosphere_1_1_ArrayCam_IN.143.png
0.0 0.0 0
144 0.9386019706726074 0.16883116960525513 0.29611703753471375 0.053264059126377106 0.014674 -0.082670 8.008106 144 Half_Icosphere_1_1_ArrayCam_IN.144.png
0.0 0.0 0
145 0.9017375111579895 0.20897549390792847 0.3686460256576538 0.08543286472558975 0.105564 -0.085698 7.987554 145 Half_Icosphere_1_1_ArrayCam_IN.145.png
0.0 0.0 0
146 0.9228065013885498 0.044506218284368515 0.3822402060031891 0.018435120582580566 0.089410 -0.041627 7.997080 146 Half_Icosphere_1_1_ArrayCam_IN.146.png
0.0 0.0 0
147 0.8870429992675781 0.08394630998373032 0.4519714117050171 0.04277285560965538 0.092026 -0.040594 7.975787 147 Half_Icosphere_1_1_ArrayCam_IN.147.png
0.0 0.0 0
148 0.8758435845375061 0.16367611289024353 0.44626563787460327 0.08339733630418777 0.092037 -0.040309 7.971798 148 Half_Icosphere_1_1_ArrayCam_IN.148.png
0.0 0.0 0
149 0.8282687664031982 0.19194866716861725 0.5128368735313416 0.11884823441505432 0.075955 -0.072296 7.960189 149 Half_Icosphere_1_1_ArrayCam_IN.149.png
0.0 0.0 0
150 -0.8877500295639038 0.07609712332487106 -0.4523336589336395 0.03877359628677368 0.092039 0.039002 8.001490 150 Half_Icosphere_1_1_ArrayCam_IN.150.png
0.0 0.0 0
151 -0.8519828915596008 0.03344414755702019 -0.5220983028411865 0.020494600757956505 0.134894 -0.036162 7.980941 151 Half_Icosphere_1_1_ArrayCam_IN.151.png
0.0 0.0 0
152 0.8516495227813721 0.04107378423213959 0.5218932032585144 0.025170059874653816 0.092400 -0.038850 7.968419 152 Half_Icosphere_1_1_ArrayCam_IN.152.png
0.0 0.0 0
153 0.8057965040206909 0.0708676353096962 0.5856761932373047 0.05150860920548439 0.112485 0.001013 7.956804 153 Half_Icosphere_1_1_ArrayCam_IN.153.png
0.0 0.0 0
154 0.7912594676017761 0.14232681691646576 0.5852930545806885 0.10527882725000381 0.159400 -0.061807 7.951993 154 Half_Icosphere_1_1_ArrayCam_IN.154.png
0.0 0.0 0
155 0.7461352348327637 0.15516924858093262 0.633897602558136 0.13182790577411652 0.042456 -0.005400 7.946369 155 Half_Icosphere_1_1_ArrayCam_IN.155.png
0.0 0.0 0
156 0.15459144115447998 0.02393363229930401 0.9760603904724121 0.15111178159713745 0.177405 0.194393 7.659777 156 Half_Icosphere_1_1_ArrayCam_IN.156.png
0.0 0.0 0
157 0.23326586186885834 0.00915681105107069 0.971621572971344 0.03814079612493515 0.189243 0.061564 7.657797 157 Half_Icosphere_1_1_ArrayCam_IN.157.png
0.0 0.0 0
158 -0.3080061972141266 0.0270884707570076 -0.9473419189453125 0.0833166316151619 0.258469 -0.048027 7.691632 158 Half_Icosphere_1_1_ArrayCam_IN.158.png
0.0 0.0 0
159 0.1558617353439331 0.013360230252146721 0.9840798377990723 0.08435346186161041 0.177416 0.024125 7.636041 159 Half_Icosphere_1_1_ArrayCam_IN.159.png
0.0 0.0 0
160 0.07839883118867874 0.003077484667301178 0.9961501359939575 0.03910347446799278 0.161193 0.065916 7.602462 160 Half_Icosphere_1_1_ArrayCam_IN.160.png
0.0 0.0 0
161 -0.23317447304725647 0.011246045120060444 -0.9712409377098083 0.046843092888593674 0.231748 0.007668 7.645782 161 Half_Icosphere_1_1_ArrayCam_IN.161.png
0.0 0.0 0
162 -0.1557399034500122 0.014738805592060089 -0.983294665813446 0.09305623173713684 0.177406 -0.028978 7.611513 162 Half_Icosphere_1_1_ArrayCam_IN.162.png
0.0 0.0 0
163 -0.07836811244487762 0.00377970514819026 -0.9957598447799683 0.04802556335926056 0.118717 0.002326 7.590532 163 Half_Icosphere_1_1_ArrayCam_IN.163.png
0.0 0.0 0
164 -0.0001833690475905314 1.6074436643975787e-05 0.9961548447608948 -0.08760966360569 0.078926 -0.067185 7.583546 164 Half_Icosphere_1_1_ArrayCam_IN.164.png
0.0 0.0 0
165 0.44864776730537415 0.06945854425430298 -0.8805156350135803 -0.13631926476955414 -0.092036 0.213155 7.600652 165 Half_Icosphere_1_1_ArrayCam_IN.165.png
0.0 0.0 0
166 0.38238972425460815 0.015010488219559193 -0.9231682419776917 -0.036238450556993484 -0.067178 0.069675 7.554700 166 Half_Icosphere_1_1_ArrayCam_IN.166.png
0.0 0.0 0
167 -0.307652086019516 0.02705741673707962 0.947456955909729 -0.08332695811986923 0.021436 -0.072869 7.551471 167 Half_Icosphere_1_1_ArrayCam_IN.167.png
0.0 0.0 0
168 0.4523336589336395 0.038773346692323685 -0.8877500891685486 -0.07609651982784271 -0.092032 0.034675 7.574918 168 Half_Icosphere_1_1_ArrayCam_IN.168.png
0.0 0.0 0
169 0.5220979452133179 0.020494556054472923 -0.8519831299781799 -0.033443912863731384 -0.114636 0.067419 7.583407 169 Half_Icosphere_1_1_ArrayCam_IN.169.png
0.0 0.0 0
170 -0.38223984837532043 0.01843535341322422 0.9228065609931946 -0.04450676962733269 -0.024677 -0.002288 7.542844 170 Half_Icosphere_1_1_ArrayCam_IN.170.png
0.0 0.0 0
171 -0.4519709646701813 0.042773231863975525 0.8870431780815125 -0.0839473083615303 -0.092044 -0.040609 7.550586 171 Half_Icosphere_1_1_ArrayCam_IN.171.png
0.0 0.0 0
172 -0.5218934416770935 0.025170480832457542 0.8516493439674377 -0.041074372828006744 -0.157115 0.000476 7.571507 172 Half_Icosphere_1_1_ArrayCam_IN.172.png
0.0 0.0 0
173 -0.5856755971908569 0.051508814096450806 0.8057969212532043 -0.07086805254220963 -0.196486 -0.062923 7.607545 173 Half_Icosphere_1_1_ArrayCam_IN.173.png
0.0 0.0 0
174 0.8805156350135803 0.1363193243741989 -0.44864770770072937 -0.06945853680372238 -0.234290 0.141462 7.826640 174 Half_Icosphere_1_1_ArrayCam_IN.174.png
0.0 0.0 0
175 0.8519830703735352 0.033443696796894073 -0.5220980048179626 -0.020494453608989716 -0.244762 0.053069 7.765964 175 Half_Icosphere_1_1_ArrayCam_IN.175.png
0.0 0.0 0
176 -0.8057968616485596 0.07086808234453201 0.5856755971908569 -0.05150886997580528 -0.187178 -0.041191 7.730135 176 Half_Icosphere_1_1_ArrayCam_IN.176.png
0.0 0.0 0
177 0.8877501487731934 0.07609646767377853 -0.4523335099220276 -0.03877326846122742 -0.234292 -0.005672 7.808547 177 Half_Icosphere_1_1_ArrayCam_IN.177.png
0.0 0.0 0
178 0.9231682419776917 0.03623858839273453 -0.38238969445228577 -0.01501054409891367 -0.218041 0.047316 7.839040 178 Half_Icosphere_1_1_ArrayCam_IN.178.png
0.0 0.0 0
179 -0.8516493439674377 0.04107443243265152 0.5218934416770935 -0.025170456618070602 -0.202282 0.018100 7.753778 179 Half_Icosphere_1_1_ArrayCam_IN.179.png
0.0 0.0 0
180 -0.8870431184768677 0.08394721895456314 0.45197099447250366 -0.042773228138685226 -0.234282 0.003866 7.783465 180 Half_Icosphere_1_1_ArrayCam_IN.180.png
0.0 0.0 0
181 -0.9228065609931946 0.04450654983520508 0.3822398781776428 -0.018435297533869743 -0.260542 0.025157 7.826739 181 Half_Icosphere_1_1_ArrayCam_IN.181.png
0.0 0.0 0
182 -0.9474570155143738 0.08332683145999908 0.30765199661254883 -0.02705739438533783 -0.258401 -0.015896 7.872875 182 Half_Icosphere_1_1_ArrayCam_IN.182.png
0.0 0.0 0
183 0.9760603904724121 0.15111187100410461 0.1545913815498352 0.023933567106723785 -0.052761 0.078390 8.025437 183 Half_Icosphere_1_1_ArrayCam_IN.183.png
0.0 0.0 0
184 0.9961501359939575 0.03910354897379875 0.07839883118867874 0.0030775151681154966 -0.098094 0.034686 7.999630 184 Half_Icosphere_1_1_ArrayCam_IN.184.png
0.0 0.0 0
185 -0.9961548447608948 0.08760984241962433 0.00018337472283747047 -1.6127431081258692e-05 -0.079075 0.003223 7.980714 185 Half_Icosphere_1_1_ArrayCam_IN.185.png
0.0 0.0 0
186 0.9840798377990723 0.0843534767627716 0.15586169064044952 0.013360202312469482 -0.052772 -0.041161 8.014064 186 Half_Icosphere_1_1_ArrayCam_IN.186.png
0.0 0.0 0
187 0.971621572971344 0.03814080357551575 0.23326587677001953 0.00915675051510334 -0.006121 0.033392 8.016088 187 Half_Icosphere_1_1_ArrayCam_IN.187.png
0.0 0.0 0
188 -0.9957598447799683 0.048025600612163544 -0.07836813479661942 0.003779703052714467 -0.055617 0.040667 7.987077 188 Half_Icosphere_1_1_ArrayCam_IN.188.png
0.0 0.0 0
189 -0.983294665813446 0.09305615723133087 -0.1557399481534958 0.014738778583705425 -0.052759 0.042986 7.988321 189 Half_Icosphere_1_1_ArrayCam_IN.189.png
0.0 0.0 0
190 -0.9712409377098083 0.046843066811561584 -0.23317451775074005 0.01124604046344757 -0.048625 0.042256 8.003510 190 Half_Icosphere_1_1_ArrayCam_IN.190.png
0.0 0.0 0
191 -0.9473419189453125 0.08331665396690369 -0.3080061972141266 0.027088485658168793 -0.021258 0.008917 8.012860 191 Half_Icosphere_1_1_ArrayCam_IN.191.png
0.0 0.0 0
192 0.6987819671630859 0.10818321257829666 0.6987821459770203 0.10818309336900711 0.201681 0.111103 7.922310 192 Half_Icosphere_1_1_ArrayCam_IN.192.png
0.0 0.0 0
193 0.7598199844360352 0.029826464131474495 0.648949146270752 0.02547428384423256 0.170135 0.039937 7.932780 193 Half_Icosphere_1_1_ArrayCam_IN.193.png
0.0 0.0 0
194 -0.8060138821601868 0.07088660448789597 -0.5853770971298218 0.05148223415017128 0.196346 -0.001003 7.956919 194 Half_Icosphere_1_1_ArrayCam_IN.194.png
0.0 0.0 0
195 0.7045233249664307 0.060389697551727295 0.7045232653617859 0.060389645397663116 0.201679 -0.022745 7.907451 195 Half_Icosphere_1_1_ArrayCam_IN.195.png
0.0 0.0 0
196 0.6489492058753967 0.025474313646554947 0.7598199844360352 0.029826447367668152 0.228258 0.044883 7.869877 196 Half_Icosphere_1_1_ArrayCam_IN.196.png
0.0 0.0 0
197 -0.7595222592353821 0.036631833761930466 -0.6486949324607849 0.0312865786254406 0.212628 0.034217 7.920333 197 Half_Icosphere_1_1_ArrayCam_IN.197.png
0.0 0.0 0
198 -0.7039613723754883 0.06662008911371231 -0.7039614915847778 0.0666201114654541 0.201680 0.022681 7.882050 198 Half_Icosphere_1_1_ArrayCam_IN.198.png
0.0 0.0 0
199 -0.6486949920654297 0.03128653019666672 -0.7595223188400269 0.036631833761930466 0.185766 0.028144 7.857529 199 Half_Icosphere_1_1_ArrayCam_IN.199.png
0.0 0.0 0
200 -0.5853771567344666 0.05148211121559143 -0.806013822555542 0.0708865150809288 0.187225 -0.022787 7.834048 200 Half_Icosphere_1_1_ArrayCam_IN.200.png
0.0 0.0 0
