# Image list with two lines per image
# IMAGE_ID, QW, QX, QY, QZ, TX, TY, TZ, CAMERA_ID, NAME
1 0.9356530904769897 0.2831757962703705 0.20159870386123657 0.061013903468847275 0.057615 -0.233634 7.291651 1 Half_Icosphere_1_0_ArrayCam_IN.001.png
0.0 0.0 0
2 0.875455379486084 0.2649567425251007 -0.386867880821228 -0.11708558350801468 -0.145770 -0.129766 7.135773 2 Half_Icosphere_1_0_ArrayCam_IN.002.png
0.0 0.0 0
3 0.48086753487586975 0.1455347090959549 -0.8275598287582397 -0.2504611909389496 -0.030471 0.009578 6.926645 3 Half_Icosphere_1_0_ArrayCam_IN.003.png
0.0 0.0 0
4 0.09739721566438675 0.029477369040250778 0.9521567821502686 0.28817054629325867 0.244166 -0.008158 6.953269 4 Half_Icosphere_1_0_ArrayCam_IN.004.png
0.0 0.0 0
5 0.6384626626968384 0.19322921335697174 0.713060736656189 0.21580618619918823 0.298596 -0.158475 7.178860 5 Half_Icosphere_1_0_ArrayCam_IN.005.png
0.0 0.0 0
6 0.3451269865036011 0.2949524521827698 0.6773452162742615 0.5788729786872864 0.234286 0.154676 7.094025 6 Half_Icosphere_1_0_ArrayCam_IN.006.png
0.0 0.0 0
7 0.5202544331550598 0.33988022804260254 0.6559011936187744 0.42849794030189514 0.231687 -0.018514 7.103602 7 Half_Icosphere_1_0_ArrayCam_IN.007.png
0.0 0.0 0
8 0.5955178737640381 0.2739979922771454 0.6860396862030029 0.315647155046463 0.238875 -0.111989 7.134207 8 Half_Icosphere_1_0_ArrayCam_IN.008.png
0.0 0.0 0
9 0.3643912076950073 0.27078717947006226 0.7151596546173096 0.5314509272575378 0.234296 0.017792 7.074233 9 Half_Icosphere_1_0_ArrayCam_IN.009.png
0.0 0.0 0
10 0.2248382419347763 0.14688655734062195 0.8064224123954773 0.5268349051475525 0.200133 0.148058 7.030526 10 Half_Icosphere_1_0_ArrayCam_IN.010.png
0.0 0.0 0
11 0.5077934861183167 0.274273157119751 0.7185379266738892 0.38810208439826965 0.263513 -0.029312 7.089232 11 Half_Icosphere_1_0_ArrayCam_IN.011.png
0.0 0.0 0
12 0.4069565534591675 0.2012316733598709 0.7986961007118225 0.3949388861656189 0.234284 0.016411 7.044913 12 Half_Icosphere_1_0_ArrayCam_IN.012.png
0.0 0.0 0
13 0.282834529876709 0.15276724100112915 0.833159327507019 0.4500136375427246 0.185781 0.081972 7.016271 13 Half_Icosphere_1_0_ArrayCam_IN.013.png
0.0 0.0 0
14 0.20497986674308777 0.09431203454732895 0.8850272297859192 0.4072042405605316 0.175160 0.054628 6.991467 14 Half_Icosphere_1_0_ArrayCam_IN.014.png
0.0 0.0 0
15 0.5876653790473938 0.2113664448261261 0.7349175810813904 0.26432889699935913 0.222021 -0.045500 7.136993 15 Half_Icosphere_1_0_ArrayCam_IN.015.png
0.0 0.0 0
16 0.507858157157898 0.16768907010555267 0.8023548722267151 0.2649286687374115 0.276804 -0.035521 7.093239 16 Half_Icosphere_1_0_ArrayCam_IN.016.png
0.0 0.0 0
17 0.42345869541168213 0.16367535293102264 0.8310856819152832 0.32123157382011414 0.234297 -0.020537 7.048326 17 Half_Icosphere_1_0_ArrayCam_IN.017.png
0.0 0.0 0
18 0.3506087064743042 0.11576753109693527 0.8824772834777832 0.2913851737976074 0.183669 0.016113 7.023574 18 Half_Icosphere_1_0_ArrayCam_IN.018.png
0.0 0.0 0
19 0.24913781881332397 0.0896080732345581 0.9074051380157471 0.3263690173625946 0.208377 0.072538 6.994143 19 Half_Icosphere_1_0_ArrayCam_IN.019.png
0.0 0.0 0
20 0.20159870386123657 0.06101388484239578 0.9356531500816345 0.2831757068634033 0.108491 -0.029813 6.985767 20 Half_Icosphere_1_0_ArrayCam_IN.020.png
0.0 0.0 0
21 0.11892373114824295 0.10163480043411255 -0.7508432865142822 -0.641686737537384 0.052763 0.360683 7.061528 21 Half_Icosphere_1_0_ArrayCam_IN.021.png
0.0 0.0 0
22 0.03536209836602211 0.023102013394236565 0.8364320397377014 0.5464405417442322 0.145363 0.222021 6.998078 22 Half_Icosphere_1_0_ArrayCam_IN.022.png
0.0 0.0 0
23 0.07853718847036362 0.03613527864217758 0.9050535559654236 0.4164183437824249 0.176133 0.092509 6.959020 23 Half_Icosphere_1_0_ArrayCam_IN.023.png
0.0 0.0 0
24 0.12556277215480804 0.09330851584672928 -0.7927597165107727 -0.5891176462173462 0.052763 0.217487 7.014072 24 Half_Icosphere_1_0_ArrayCam_IN.024.png
0.0 0.0 0
25 0.29210785031318665 0.19083362817764282 -0.7845651507377625 -0.5125554800033569 -0.048108 0.259539 6.981621 25 Half_Icosphere_1_0_ArrayCam_IN.025.png
0.0 0.0 0
26 0.01153494045138359 0.006230323575437069 -0.8797823190689087 -0.4751959443092346 0.148686 0.181038 6.951324 26 Half_Icosphere_1_0_ArrayCam_IN.026.png
0.0 0.0 0
27 0.1402299702167511 0.06934105604887009 -0.8853608965873718 -0.4377938508987427 0.052764 0.182143 6.918306 27 Half_Icosphere_1_0_ArrayCam_IN.027.png
0.0 0.0 0
28 0.26090213656425476 0.14092081785202026 -0.8402856588363647 -0.4538627564907074 -0.047500 0.206097 6.934893 28 Half_Icosphere_1_0_ArrayCam_IN.028.png
0.0 0.0 0
29 0.35437485575675964 0.1630491316318512 -0.836485743522644 -0.38487011194229126 -0.082886 0.130031 6.926874 29 Half_Icosphere_1_0_ArrayCam_IN.029.png
0.0 0.0 0
30 0.04345490410923958 0.015629569068551064 0.9399814605712891 0.3380860984325409 0.137762 0.122245 6.933979 30 Half_Icosphere_1_0_ArrayCam_IN.030.png
0.0 0.0 0
31 0.06075024604797363 0.020059186965227127 -0.947629451751709 -0.3128984272480011 0.137012 0.106524 6.901591 31 Half_Icosphere_1_0_ArrayCam_IN.031.png
0.0 0.0 0
32 0.14591655135154724 0.05639982968568802 -0.9212647080421448 -0.35608816146850586 0.052763 0.119737 6.893985 32 Half_Icosphere_1_0_ArrayCam_IN.032.png
0.0 0.0 0
33 0.23506170511245728 0.07761524617671967 -0.9200206995010376 -0.30378246307373047 -0.033308 0.118148 6.885903 33 Half_Icosphere_1_0_ArrayCam_IN.033.png
0.0 0.0 0
34 0.3318031430244446 0.11934078484773636 -0.8805453181266785 -0.31670868396759033 -0.040836 0.148821 6.901810 34 Half_Icosphere_1_0_ArrayCam_IN.034.png
0.0 0.0 0
35 0.3868679404258728 0.11708571761846542 -0.875455379486084 -0.26495665311813354 -0.152481 0.020817 6.909786 35 Half_Icosphere_1_0_ArrayCam_IN.035.png
0.0 0.0 0
36 0.5375444293022156 0.4593973159790039 -0.5375445485115051 -0.4593973457813263 -0.201680 0.253802 7.078387 36 Half_Icosphere_1_0_ArrayCam_IN.036.png
0.0 0.0 0
37 0.4630333483219147 0.3024991750717163 -0.6974737048149109 -0.45565876364707947 -0.131129 0.221160 6.998455 37 Half_Icosphere_1_0_ArrayCam_IN.037.png
0.0 0.0 0
38 0.4684384763240814 0.2155303806066513 -0.7783670425415039 -0.358129620552063 -0.099362 0.110373 6.943708 38 Half_Icosphere_1_0_ArrayCam_IN.038.png
0.0 0.0 0
39 0.5675540566444397 0.4217609763145447 -0.5675540566444397 -0.42176109552383423 -0.201679 0.113904 7.045282 39 Half_Icosphere_1_0_ArrayCam_IN.039.png
0.0 0.0 0
40 0.6974736452102661 0.45565882325172424 -0.4630333185195923 -0.3024992346763611 -0.240599 0.077771 7.061358 40 Half_Icosphere_1_0_ArrayCam_IN.040.png
0.0 0.0 0
41 0.5264543890953064 0.2843528091907501 -0.7049797773361206 -0.3807792663574219 -0.126010 0.154709 6.968587 41 Half_Icosphere_1_0_ArrayCam_IN.041.png
0.0 0.0 0
42 0.6338487267494202 0.3134258985519409 -0.6338487267494202 -0.31342586874961853 -0.201680 0.096152 6.983987 42 Half_Icosphere_1_0_ArrayCam_IN.042.png
0.0 0.0 0
43 0.704979658126831 0.3807792365550995 -0.526454508304596 -0.28435274958610535 -0.260746 0.058918 7.031392 43 Half_Icosphere_1_0_ArrayCam_IN.043.png
0.0 0.0 0
44 0.7783670425415039 0.3581296503543854 -0.4684384763240814 -0.21553027629852295 -0.257051 -0.033056 7.066578 44 Half_Icosphere_1_0_ArrayCam_IN.044.png
0.0 0.0 0
45 0.5173510313034058 0.1860765963792801 -0.7860038876533508 -0.2827035188674927 -0.138730 0.123044 6.933022 45 Half_Icosphere_1_0_ArrayCam_IN.045.png
0.0 0.0 0
46 0.6061495542526245 0.2001444697380066 -0.7309414148330688 -0.2413495033979416 -0.133058 0.071243 6.949186 46 Half_Icosphere_1_0_ArrayCam_IN.046.png
0.0 0.0 0
47 0.6595534086227417 0.25492995977401733 -0.6595534682273865 -0.25492990016937256 -0.201681 0.046979 6.974054 47 Half_Icosphere_1_0_ArrayCam_IN.047.png
0.0 0.0 0
48 0.7309413552284241 0.24134944379329681 -0.6061496734619141 -0.20014448463916779 -0.263337 0.026798 7.009152 48 Half_Icosphere_1_0_ArrayCam_IN.048.png
0.0 0.0 0
49 0.7860038876533508 0.2827034890651703 -0.5173510909080505 -0.1860765665769577 -0.231752 0.021447 7.055987 49 Half_Icosphere_1_0_ArrayCam_IN.049.png
0.0 0.0 0
50 0.8275598287582397 0.250461220741272 -0.48086753487586975 -0.14553463459014893 -0.319966 -0.101174 7.092858 50 Half_Icosphere_1_0_ArrayCam_IN.050.png
0.0 0.0 0
51 0.7508432865142822 0.6416867971420288 -0.11892371624708176 -0.10163474082946777 -0.177410 -0.018250 7.121303 51 Half_Icosphere_1_0_ArrayCam_IN.051.png
0.0 0.0 0
52 0.7845650911331177 0.5125554800033569 -0.2921077609062195 -0.19083373248577118 -0.215679 -0.019900 7.104209 52 Half_Icosphere_1_0_ArrayCam_IN.052.png
0.0 0.0 0
53 0.836485743522644 0.38487014174461365 -0.35437488555908203 -0.16304919123649597 -0.206873 -0.083071 7.109429 53 Half_Icosphere_1_0_ArrayCam_IN.053.png
0.0 0.0 0
54 0.7927596569061279 0.5891176462173462 -0.12556272745132446 -0.09330851584672928 -0.177409 -0.149822 7.124732 54 Half_Icosphere_1_0_ArrayCam_IN.054.png
0.0 0.0 0
55 0.8364319801330566 0.546440601348877 0.035362131893634796 0.023102063685655594 -0.111318 -0.146040 7.159544 55 Half_Icosphere_1_0_ArrayCam_IN.055.png
0.0 0.0 0
56 0.8402856588363647 0.4538627564907074 -0.26090213656425476 -0.14092083275318146 -0.180955 -0.071904 7.117162 56 Half_Icosphere_1_0_ArrayCam_IN.056.png
0.0 0.0 0
57 0.885360836982727 0.4377939701080322 -0.1402299851179123 -0.06934099644422531 -0.177412 -0.122703 7.151184 57 Half_Icosphere_1_0_ArrayCam_IN.057.png
0.0 0.0 0
58 0.8797822594642639 0.4751960337162018 -0.01153496839106083 -0.0062303743325173855 -0.159261 -0.156169 7.172410 58 Half_Icosphere_1_0_ArrayCam_IN.058.png
0.0 0.0 0
59 0.9050534963607788 0.4164184629917145 0.07853715121746063 0.036135233938694 -0.106652 -0.209240 7.217515 59 Half_Icosphere_1_0_ArrayCam_IN.059.png
0.0 0.0 0
60 0.8805453181266785 0.31670862436294556 -0.33180317282676697 -0.11934075504541397 -0.225352 -0.044208 7.135438 60 Half_Icosphere_1_0_ArrayCam_IN.060.png
0.0 0.0 0
61 0.9200206995010376 0.3037824332714081 -0.23506174981594086 -0.07761521637439728 -0.160176 -0.092600 7.170242 61 Half_Icosphere_1_0_ArrayCam_IN.061.png
0.0 0.0 0
62 0.9212646484375 0.356088250875473 -0.1459166258573532 -0.05639985576272011 -0.177411 -0.138271 7.177878 62 Half_Icosphere_1_0_ArrayCam_IN.062.png
0.0 0.0 0
63 0.947629451751709 0.31289857625961304 -0.060750238597393036 -0.020059166476130486 -0.188518 -0.131697 7.222991 63 Half_Icosphere_1_0_ArrayCam_IN.063.png
0.0 0.0 0
64 0.9399814605712891 0.33808618783950806 0.04345491901040077 0.015629561617970467 -0.100547 -0.133579 7.243607 64 Half_Icosphere_1_0_ArrayCam_IN.064.png
0.0 0.0 0
65 0.9521567821502686 0.2881706953048706 0.09739720821380615 0.0294773131608963 -0.162500 -0.227194 7.281986 65 Half_Icosphere_1_0_ArrayCam_IN.065.png
0.0 0.0 0
66 0.6773450970649719 0.5788729786872864 0.34512704610824585 0.2949525713920593 0.092040 -0.079516 7.130966 66 Half_Icosphere_1_0_ArrayCam_IN.066.png
0.0 0.0 0
67 0.8064222931861877 0.526835024356842 0.2248382419347763 0.14688663184642792 0.008565 -0.168037 7.169194 67 Half_Icosphere_1_0_ArrayCam_IN.067.png
0.0 0.0 0
68 0.8850271701812744 0.40720421075820923 0.20498009026050568 0.09431209415197372 0.002173 -0.220506 7.227166 68 Half_Icosphere_1_0_ArrayCam_IN.068.png
0.0 0.0 0
69 0.7151595950126648 0.5314509272575378 0.3643912076950073 0.27078720927238464 0.092028 -0.209218 7.142625 69 Half_Icosphere_1_0_ArrayCam_IN.069.png
0.0 0.0 0
70 0.6559011340141296 0.42849788069725037 0.5202544331550598 0.3398803472518921 0.161082 -0.102597 7.140489 70 Half_Icosphere_1_0_ArrayCam_IN.070.png
0.0 0.0 0
71 0.8331593871116638 0.45001351833343506 0.28283458948135376 0.1527671366930008 0.059779 -0.185634 7.191726 71 Half_Icosphere_1_0_ArrayCam_IN.071.png
0.0 0.0 0
72 0.7986962795257568 0.39493900537490845 0.40695616602897644 0.20123155415058136 0.092036 -0.171994 7.188839 72 Half_Icosphere_1_0_ArrayCam_IN.072.png
0.0 0.0 0
73 0.7185377478599548 0.3881022036075592 0.5077934861183167 0.2742733657360077 0.116705 -0.141927 7.163065 73 Half_Icosphere_1_0_ArrayCam_IN.073.png
0.0 0.0 0
74 0.6860395073890686 0.31564706563949585 0.5955179929733276 0.27399811148643494 0.160481 -0.155048 7.171094 74 Half_Icosphere_1_0_ArrayCam_IN.074.png
0.0 0.0 0
75 0.9074049592018127 0.32636916637420654 0.24913793802261353 0.08960819989442825 -0.002408 -0.148363 7.261501 75 Half_Icosphere_1_0_ArrayCam_IN.075.png
0.0 0.0 0
76 0.8824772238731384 0.2913852632045746 0.3506087064743042 0.11576752364635468 0.093146 -0.158584 7.259272 76 Half_Icosphere_1_0_ArrayCam_IN.076.png
0.0 0.0 0
77 0.8310858011245728 0.3212314546108246 0.4234585165977478 0.16367530822753906 0.092024 -0.179991 7.223782 77 Half_Icosphere_1_0_ArrayCam_IN.077.png
0.0 0.0 0
78 0.8023548722267151 0.2649284601211548 0.5078582167625427 0.1676889806985855 0.087760 -0.138296 7.231907 78 Half_Icosphere_1_0_ArrayCam_IN.078.png
0.0 0.0 0
79 0.7349175214767456 0.2643287777900696 0.5876655578613281 0.21136648952960968 0.171463 -0.102007 7.205387 79 Half_Icosphere_1_0_ArrayCam_IN.079.png
0.0 0.0 0
80 0.7130608558654785 0.21580615639686584 0.6384626030921936 0.19322919845581055 0.102312 -0.183090 7.215802 80 Half_Icosphere_1_0_ArrayCam_IN.080.png
0.0 0.0 0
81 0.6338974833488464 0.13182784616947174 0.7461352944374084 0.1551693081855774 0.343148 0.015568 7.176870 81 Half_Icosphere_1_0_ArrayCam_IN.081.png
0.0 0.0 0
82 0.5856761336326599 0.051508642733097076 0.8057965636253357 0.07086758315563202 0.267366 0.019842 7.126744 82 Half_Icosphere_1_0_ArrayCam_IN.082.png
0.0 0.0 0
83 -0.522098183631897 0.020494535565376282 -0.8519830107688904 0.03344393149018288 0.225430 -0.045807 7.090915 83 Half_Icosphere_1_0_ArrayCam_IN.083.png
0.0 0.0 0
84 0.5852935910224915 0.10527906566858292 0.7912589907646179 0.14232699573040009 0.226468 -0.020583 7.133313 84 Half_Icosphere_1_0_ArrayCam_IN.084.png
0.0 0.0 0
85 0.5128368139266968 0.11884848773479462 0.8282687067985535 0.19194908440113068 0.280516 0.005433 7.091252 85 Half_Icosphere_1_0_ArrayCam_IN.085.png
0.0 0.0 0
86 0.5218937397003174 0.025170519948005676 0.8516491651535034 0.04107430577278137 0.264052 -0.019441 7.079789 86 Half_Icosphere_1_0_ArrayCam_IN.086.png
0.0 0.0 0
87 0.4519719183444977 0.04277335852384567 0.8870426416397095 0.083947092294693 0.234297 0.003879 7.037162 87 Half_Icosphere_1_0_ArrayCam_IN.087.png
0.0 0.0 0
88 0.44626590609550476 0.08339753746986389 0.875843346118927 0.1636763960123062 0.234288 0.041874 7.044351 88 Half_Icosphere_1_0_ArrayCam_IN.088.png
0.0 0.0 0
89 0.36864587664604187 0.08543310314416885 0.9017374515533447 0.20897610485553741 0.181615 0.039553 7.021587 89 Half_Icosphere_1_0_ArrayCam_IN.089.png
0.0 0.0 0
90 -0.45233356952667236 0.03877319023013115 -0.8877500891685486 0.0760965496301651 0.234291 -0.001550 7.059840 90 Half_Icosphere_1_0_ArrayCam_IN.090.png
0.0 0.0 0
91 -0.38238999247550964 0.015010436065495014 -0.9231681227684021 0.03623831272125244 0.237389 -0.051555 7.017836 91 Half_Icosphere_1_0_ArrayCam_IN.091.png
0.0 0.0 0
92 0.3822402060031891 0.018435191363096237 0.9228065013885498 0.04450635984539986 0.198757 -0.012387 7.006825 92 Half_Icosphere_1_0_ArrayCam_IN.092.png
0.0 0.0 0
93 0.3076525330543518 0.027057530358433723 0.9474567770957947 0.08332706987857819 0.178232 0.045142 6.984000 93 Half_Icosphere_1_0_ArrayCam_IN.093.png
0.0 0.0 0
94 0.2961169183254242 0.053264033049345016 0.9386020302772522 0.16883105039596558 0.216622 0.032531 6.990459 94 Half_Icosphere_1_0_ArrayCam_IN.094.png
0.0 0.0 0
95 0.23103897273540497 0.048048388212919235 0.9514010548591614 0.19785945117473602 0.075477 0.099504 6.983778 95 Half_Icosphere_1_0_ArrayCam_IN.095.png
0.0 0.0 0
96 0.07426353543996811 0.015444288030266762 0.9762316346168518 0.20302274823188782 0.274691 0.122371 6.931196 96 Half_Icosphere_1_0_ArrayCam_IN.096.png
0.0 0.0 0
97 0.00018377725791651756 1.6168929505511187e-05 0.9961549043655396 0.08760947734117508 0.159271 0.064263 6.876165 97 Half_Icosphere_1_0_ArrayCam_IN.097.png
0.0 0.0 0
98 -0.07839852571487427 0.0030774809420108795 0.9961501359939575 -0.0391036756336689 0.078765 -0.064175 6.857248 98 Half_Icosphere_1_0_ArrayCam_IN.098.png
0.0 0.0 0
99 0.008418843150138855 0.0015143417986109853 0.9841686487197876 0.1770278811454773 0.122647 0.068713 6.893115 99 Half_Icosphere_1_0_ArrayCam_IN.099.png
0.0 0.0 0
100 0.0719536542892456 0.01667514443397522 -0.9715210199356079 -0.22514793276786804 0.136018 0.109132 6.879550 100 Half_Icosphere_1_0_ArrayCam_IN.100.png
0.0 0.0 0
101 0.0783679261803627 0.0037797000259160995 -0.9957598447799683 -0.04802536219358444 0.117383 0.003106 6.846487 101 Half_Icosphere_1_0_ArrayCam_IN.101.png
0.0 0.0 0
102 0.15573981404304504 0.014738745987415314 -0.9832947254180908 -0.09305595606565475 0.052772 0.043007 6.832308 102 Half_Icosphere_1_0_ArrayCam_IN.102.png
0.0 0.0 0
103 0.15377353131771088 0.028737151995301247 -0.9708801507949829 -0.18143747746944427 0.052759 0.117189 6.849868 103 Half_Icosphere_1_0_ArrayCam_IN.103.png
0.0 0.0 0
104 0.23178963363170624 0.053716715425252914 -0.9462050199508667 -0.21928103268146515 -0.031934 0.116816 6.863862 104 Half_Icosphere_1_0_ArrayCam_IN.104.png
0.0 0.0 0
105 -0.15586167573928833 0.013360175304114819 0.9840797781944275 -0.08435379713773727 0.052762 -0.037046 6.854326 105 Half_Icosphere_1_0_ArrayCam_IN.105.png
0.0 0.0 0
106 -0.23326583206653595 0.009156761690974236 0.971621572971344 -0.03814082592725754 0.025478 -0.065471 6.840790 106 Half_Icosphere_1_0_ArrayCam_IN.106.png
0.0 0.0 0
107 0.23317426443099976 0.011245893314480782 -0.9712409973144531 -0.046842847019433975 -0.013163 0.004695 6.830056 107 Half_Icosphere_1_0_ArrayCam_IN.107.png
0.0 0.0 0
108 0.3080061078071594 0.027088459581136703 -0.9473419189453125 -0.08331673592329025 -0.058907 0.069960 6.844016 108 Half_Icosphere_1_0_ArrayCam_IN.108.png
0.0 0.0 0
109 0.3121340274810791 0.05614519491791725 -0.933397650718689 -0.16789525747299194 -0.022869 0.080677 6.860942 109 Half_Icosphere_1_0_ArrayCam_IN.109.png
0.0 0.0 0
110 0.3723059892654419 0.077426977455616 -0.9055006504058838 -0.18831318616867065 -0.180404 0.141275 6.887711 110 Half_Icosphere_1_0_ArrayCam_IN.110.png
0.0 0.0 0
111 0.5137338638305664 0.10683873295783997 -0.833439290523529 -0.173326313495636 -0.001245 0.129419 6.914990 111 Half_Icosphere_1_0_ArrayCam_IN.111.png
0.0 0.0 0
112 0.5853768587112427 0.05148215964436531 -0.8060140609741211 -0.07088650017976761 -0.116175 0.060049 6.899963 112 Half_Icosphere_1_0_ArrayCam_IN.112.png
0.0 0.0 0
113 -0.6489492654800415 0.02547435648739338 0.7598199248313904 -0.02982643060386181 -0.189477 -0.058912 6.924102 113 Half_Icosphere_1_0_ArrayCam_IN.113.png
0.0 0.0 0
114 0.571669340133667 0.10282924771308899 -0.8011573553085327 -0.14410850405693054 -0.153149 0.061892 6.911447 114 Half_Icosphere_1_0_ArrayCam_IN.114.png
0.0 0.0 0
115 0.6292563080787659 0.14582820236682892 -0.7436849474906921 -0.1723465770483017 -0.132833 0.080727 6.937548 115 Half_Icosphere_1_0_ArrayCam_IN.115.png
0.0 0.0 0
116 0.6486948728561401 0.03128655627369881 -0.7595223188400269 -0.03663173317909241 -0.150849 -0.003349 6.913236 116 Half_Icosphere_1_0_ArrayCam_IN.116.png
0.0 0.0 0
117 0.7039616107940674 0.06662042438983917 -0.7039612531661987 -0.06662040203809738 -0.201677 0.022714 6.938583 117 Half_Icosphere_1_0_ArrayCam_IN.117.png
0.0 0.0 0
118 0.695073664188385 0.12989479303359985 -0.6950736045837402 -0.12989477813243866 -0.201680 0.078109 6.950762 118 Half_Icosphere_1_0_ArrayCam_IN.118.png
0.0 0.0 0
119 0.7436848878860474 0.17234668135643005 -0.6292563080787659 -0.1458282172679901 -0.264962 0.051357 6.997513 119 Half_Icosphere_1_0_ArrayCam_IN.119.png
0.0 0.0 0
120 -0.7045233249664307 0.06038961187005043 0.7045232653617859 -0.06038958579301834 -0.201680 -0.018638 6.960943 120 Half_Icosphere_1_0_ArrayCam_IN.120.png
0.0 0.0 0
121 -0.7598200440406799 0.029826581478118896 0.6489490866661072 -0.025474360212683678 -0.208916 -0.053964 6.987006 121 Half_Icosphere_1_0_ArrayCam_IN.121.png
0.0 0.0 0
122 0.7595224380493164 0.03663214296102524 -0.6486947536468506 -0.031286824494600296 -0.247544 -0.009426 6.976042 122 Half_Icosphere_1_0_ArrayCam_IN.122.png
0.0 0.0 0
123 0.806013822555542 0.07088655233383179 -0.5853771567344666 -0.05148220434784889 -0.267403 0.038270 7.022833 123 Half_Icosphere_1_0_ArrayCam_IN.123.png
0.0 0.0 0
124 0.8011571764945984 0.14410851895809174 -0.5716694593429565 -0.10282927751541138 -0.228284 0.016178 7.034411 124 Half_Icosphere_1_0_ArrayCam_IN.124.png
0.0 0.0 0
125 0.833439290523529 0.17332641780376434 -0.5137338042259216 -0.10683878511190414 -0.359103 0.057160 7.081203 125 Half_Icosphere_1_0_ArrayCam_IN.125.png
0.0 0.0 0
126 0.9055006504058838 0.18831324577331543 -0.37230604887008667 -0.07742691785097122 -0.103324 0.026969 7.150643 126 Half_Icosphere_1_0_ArrayCam_IN.126.png
0.0 0.0 0
127 0.9473418593406677 0.08331657946109772 -0.3080064356327057 -0.02708846889436245 -0.178307 0.013019 7.165246 127 Half_Icosphere_1_0_ArrayCam_IN.127.png
0.0 0.0 0
128 -0.9716215133666992 0.038140907883644104 0.23326607048511505 -0.009156863205134869 -0.208602 -0.037296 7.199080 128 Half_Icosphere_1_0_ArrayCam_IN.128.png
0.0 0.0 0
129 0.9333975911140442 0.16789540648460388 -0.3121342658996582 -0.056145329028367996 -0.219771 -0.031612 7.162967 129 Half_Icosphere_1_0_ArrayCam_IN.129.png
0.0 0.0 0
130 0.9462050199508667 0.21928094327449799 -0.23178958892822266 -0.053716711699962616 -0.154497 -0.040521 7.185089 130 Half_Icosphere_1_0_ArrayCam_IN.130.png
0.0 0.0 0
131 0.9712409377098083 0.046842657029628754 -0.23317447304725647 -0.011245917528867722 -0.169957 -0.029890 7.187784 131 Half_Icosphere_1_0_ArrayCam_IN.131.png
0.0 0.0 0
132 0.9832946062088013 0.09305597096681595 -0.15574023127555847 -0.01473874133080244 -0.177419 -0.028959 7.209116 132 Half_Icosphere_1_0_ArrayCam_IN.132.png
0.0 0.0 0
133 0.9708801507949829 0.18143746256828308 -0.1537739634513855 -0.028737200424075127 -0.177407 -0.021354 7.207596 133 Half_Icosphere_1_0_ArrayCam_IN.133.png
0.0 0.0 0
134 0.9715209603309631 0.22514793276786804 -0.071953684091568 -0.016675109043717384 -0.195439 -0.066359 7.237840 134 Half_Icosphere_1_0_ArrayCam_IN.134.png
0.0 0.0 0
135 -0.9840797781944275 0.08435381203889847 0.1558617204427719 -0.013360235840082169 -0.177404 0.028241 7.232348 135 Half_Icosphere_1_0_ArrayCam_IN.135.png
0.0 0.0 0
136 -0.9961501359939575 0.03910362347960472 0.07839864492416382 -0.003077518194913864 -0.141864 -0.032946 7.254416 136 Half_Icosphere_1_0_ArrayCam_IN.136.png
0.0 0.0 0
137 0.995759904384613 0.04802505671977997 -0.07836814969778061 -0.0037796630058437586 -0.180482 -0.035230 7.243033 137 Half_Icosphere_1_0_ArrayCam_IN.137.png
0.0 0.0 0
138 0.9961549043655396 0.08760954439640045 0.00018369533063378185 1.6155554476426914e-05 -0.159121 -0.006142 7.273332 138 Half_Icosphere_1_0_ArrayCam_IN.138.png
0.0 0.0 0
139 0.9841686487197876 0.1770278811454773 0.008418637327849865 0.0015143068740144372 -0.115748 -0.071828 7.271137 139 Half_Icosphere_1_0_ArrayCam_IN.139.png
0.0 0.0 0
140 0.976231575012207 0.20302288234233856 0.07426353543996811 0.015444275923073292 -0.213675 -0.036594 7.296856 140 Half_Icosphere_1_0_ArrayCam_IN.140.png
0.0 0.0 0
141 0.9514010548591614 0.19785940647125244 0.23103900253772736 0.048048343509435654 0.109519 -0.043399 7.312494 141 Half_Icosphere_1_0_ArrayCam_IN.141.png
0.0 0.0 0
142 0.9474568367004395 0.08332698792219162 0.3076523244380951 0.02705743908882141 0.058734 -0.011833 7.305404 142 Half_Icosphere_1_0_ArrayCam_IN.142.png
0.0 0.0 0
143 -0.9231683015823364 0.036238688975572586 -0.38238951563835144 0.015010572969913483 0.047826 -0.029195 7.302177 143 Half_Icosphere_1_0_ArrayCam_IN.143.png
0.0 0.0 0
144 0.9386019706726074 0.16883116960525513 0.29611703753471375 0.053264059126377106 0.014852 -0.082586 7.300088 144 Half_Icosphere_1_0_ArrayCam_IN.144.png
0.0 0.0 0
145 0.9017375111579895 0.20897549390792847 0.3686460256576538 0.08543286472558975 0.100962 -0.087052 7.280084 145 Half_Icosphere_1_0_ArrayCam_IN.145.png
0.0 0.0 0
146 0.922806441783905 0.044506099075078964 0.38224026560783386 0.018435120582580566 0.086468 -0.039838 7.290719 146 Half_Icosphere_1_0_ArrayCam_IN.146.png
0.0 0.0 0
147 0.8870429992675781 0.08394630998373032 0.4519714117050171 0.04277285560965538 0.092026 -0.040595 7.270043 147 Half_Icosphere_1_0_ArrayCam_IN.147.png
0.0 0.0 0
148 0.8758435845375061 0.16367611289024353 0.44626563787460327 0.08339733630418777 0.092037 -0.043751 7.265438 148 Half_Icosphere_1_0_ArrayCam_IN.148.png
0.0 0.0 0
149 0.8282687664031982 0.19194857776165009 0.5128369331359863 0.11884818971157074 0.080559 -0.073649 7.252718 149 Half_Icosphere_1_0_ArrayCam_IN.149.png
0.0 0.0 0
150 -0.8877500295639038 0.07609712332487106 -0.4523336589336395 0.03877357766032219 0.092039 0.038805 7.293471 150 Half_Icosphere_1_0_ArrayCam_IN.150.png
0.0 0.0 0
151 -0.8519828915596008 0.03344414755702019 -0.5220983028411865 0.020494600757956505 0.133973 -0.031454 7.273470 151 Half_Icosphere_1_0_ArrayCam_IN.151.png
0.0 0.0 0
152 0.8516495227813721 0.04107378423213959 0.5218932032585144 0.025170059874653816 0.095342 -0.037062 7.262058 152 Half_Icosphere_1_0_ArrayCam_IN.152.png
0.0 0.0 0
153 0.8057965040206909 0.0708676353096962 0.5856761932373047 0.05150860920548439 0.116302 -0.001893 7.249334 153 Half_Icosphere_1_0_ArrayCam_IN.153.png
0.0 0.0 0
154 0.7912594676017761 0.14232680201530457 0.5852929353713989 0.105278879404068 0.159218 -0.061724 7.243973 154 Half_Icosphere_1_0_ArrayCam_IN.154.png
0.0 0.0 0
155 0.7461352348327637 0.1551693081855774 0.633897602558136 0.13182787597179413 0.054913 -0.010419 7.236646 155 Half_Icosphere_1_0_ArrayCam_IN.155.png
0.0 0.0 0
156 0.15459144115447998 0.02393363229930401 0.9760603904724121 0.15111178159713745 0.177405 0.180965 6.950053 156 Half_Icosphere_1_0_ArrayCam_IN.156.png
0.0 0.0 0
157 0.23326586186885834 0.00915681105107069 0.971621572971344 0.03814079612493515 0.190165 0.056856 6.950326 157 Half_Icosphere_1_0_ArrayCam_IN.157.png
0.0 0.0 0
158 -0.3080061972141266 0.0270884707570076 -0.9473419189453125 0.0833166316151619 0.254652 -0.045120 6.984161 158 Half_Icosphere_1_0_ArrayCam_IN.158.png
0.0 0.0 0
159 0.1558617204427719 0.01336013525724411 0.9840798377990723 0.08435346186161041 0.177415 0.024321 6.928022 159 Half_Icosphere_1_0_ArrayCam_IN.159.png
0.0 0.0 0
160 0.07839883118867874 0.003077484667301178 0.9961501359939575 0.03910347446799278 0.160273 0.061208 6.894992 160 Half_Icosphere_1_0_ArrayCam_IN.160.png
0.0 0.0 0
161 -0.23317447304725647 0.011246045120060444 -0.9712409377098083 0.046843092888593674 0.228806 0.005879 6.939421 161 Half_Icosphere_1_0_ArrayCam_IN.161.png
0.0 0.0 0
162 -0.1557399183511734 0.014738816767930984 -0.9832946062088013 0.09305620193481445 0.177406 -0.028978 6.905767 162 Half_Icosphere_1_0_ArrayCam_IN.162.png
0.0 0.0 0
163 -0.07836811244487762 0.003779702354222536 -0.9957598447799683 0.04802556335926056 0.121658 0.000537 6.884171 163 Half_Icosphere_1_0_ArrayCam_IN.163.png
0.0 0.0 0
164 -0.00018336910579819232 1.6074467566795647e-05 0.9961549043655396 -0.0876096785068512 0.082745 -0.064278 6.876077 164 Half_Icosphere_1_0_ArrayCam_IN.164.png
0.0 0.0 0
165 0.44864776730537415 0.06945854425430298 -0.8805156350135803 -0.13631926476955414 -0.092036 0.199727 6.890928 165 Half_Icosphere_1_0_ArrayCam_IN.165.png
0.0 0.0 0
166 0.38238975405693054 0.015010551549494267 -0.9231682419776917 -0.036238495260477066 -0.066256 0.064966 6.847229 166 Half_Icosphere_1_0_ArrayCam_IN.166.png
0.0 0.0 0
167 -0.3076521158218384 0.027057377621531487 0.947456955909729 -0.08332692086696625 0.017618 -0.069963 6.844001 167 Half_Icosphere_1_0_ArrayCam_IN.167.png
0.0 0.0 0
168 0.4523336589336395 0.038773342967033386 -0.8877500891685486 -0.07609647512435913 -0.092032 0.034872 6.866899 168 Half_Icosphere_1_0_ArrayCam_IN.168.png
0.0 0.0 0
169 0.5220979452133179 0.020494556054472923 -0.8519831299781799 -0.033443912863731384 -0.115557 0.062711 6.875936 169 Half_Icosphere_1_0_ArrayCam_IN.169.png
0.0 0.0 0
170 -0.38223984837532043 0.01843533292412758 0.9228065609931946 -0.04450676590204239 -0.027619 -0.004077 6.836484 170 Half_Icosphere_1_0_ArrayCam_IN.170.png
0.0 0.0 0
171 -0.4519709646701813 0.042773231863975525 0.8870431780815125 -0.0839473083615303 -0.092043 -0.040609 6.844842 171 Half_Icosphere_1_0_ArrayCam_IN.171.png
0.0 0.0 0
172 -0.5218934416770935 0.025170480832457542 0.8516493439674377 -0.041074372828006744 -0.154174 -0.001311 6.865147 172 Half_Icosphere_1_0_ArrayCam_IN.172.png
0.0 0.0 0
173 -0.5856755375862122 0.0515088215470314 0.8057969212532043 -0.07086801528930664 -0.192668 -0.060017 6.900074 173 Half_Icosphere_1_0_ArrayCam_IN.173.png
0.0 0.0 0
174 0.8805156350135803 0.1363193541765213 -0.448647677898407 -0.06945857405662537 -0.234289 0.128034 7.116916 174 Half_Icosphere_1_0_ArrayCam_IN.174.png
0.0 0.0 0
175 0.8519830703735352 0.033443696796894073 -0.5220980048179626 -0.020494453608989716 -0.243842 0.048360 7.058493 175 Half_Icosphere_1_0_ArrayCam_IN.175.png
0.0 0.0 0
176 -0.8057968616485596 0.07086797058582306 0.5856755971908569 -0.05150886997580528 -0.190997 -0.038286 7.022665 176 Half_Icosphere_1_0_ArrayCam_IN.176.png
0.0 0.0 0
177 0.8877501487731934 0.07609646767377853 -0.4523335099220276 -0.03877326846122742 -0.234292 -0.005476 7.100528 177 Half_Icosphere_1_0_ArrayCam_IN.177.png
0.0 0.0 0
178 0.9231682419776917 0.03623858839273453 -0.38238969445228577 -0.01501054409891367 -0.218962 0.042608 7.131569 178 Half_Icosphere_1_0_ArrayCam_IN.178.png
0.0 0.0 0
179 -0.851649284362793 0.04107445850968361 0.5218935012817383 -0.025170495733618736 -0.205224 0.016313 7.047417 179 Half_Icosphere_1_0_ArrayCam_IN.179.png
0.0 0.0 0
180 -0.8870431184768677 0.08394721895456314 0.45197099447250366 -0.042773228138685226 -0.234283 0.003867 7.077721 180 Half_Icosphere_1_0_ArrayCam_IN.180.png
0.0 0.0 0
181 -0.9228065609931946 0.04450654983520508 0.3822398781776428 -0.018435297533869743 -0.257600 0.023369 7.120379 181 Half_Icosphere_1_0_ArrayCam_IN.181.png
0.0 0.0 0
182 -0.9474570155143738 0.08332683145999908 0.30765199661254883 -0.02705739438533783 -0.254584 -0.012989 7.165404 182 Half_Icosphere_1_0_ArrayCam_IN.182.png
0.0 0.0 0
183 0.9760603904724121 0.15111187100410461 0.1545913815498352 0.023933567106723785 -0.052762 0.064963 7.315713 183 Half_Icosphere_1_0_ArrayCam_IN.183.png
0.0 0.0 0
184 0.9961501359939575 0.03910354897379875 0.07839883863925934 0.0030775179620832205 -0.097173 0.029979 7.292161 184 Half_Icosphere_1_0_ArrayCam_IN.184.png
0.0 0.0 0
185 -0.9961548447608948 0.08760975301265717 0.0001833746791817248 -1.6127421986311674e-05 -0.082894 0.006129 7.273244 185 Half_Icosphere_1_0_ArrayCam_IN.185.png
0.0 0.0 0
186 0.9840798377990723 0.0843534767627716 0.15586169064044952 0.013360158540308475 -0.052772 -0.040965 7.306045 186 Half_Icosphere_1_0_ArrayCam_IN.186.png
0.0 0.0 0
187 0.971621572971344 0.03814080357551575 0.23326587677001953 0.00915675051510334 -0.007043 0.028684 7.308618 187 Half_Icosphere_1_0_ArrayCam_IN.187.png
0.0 0.0 0
188 -0.9957598447799683 0.048025600612163544 -0.07836813479661942 0.003779703052714467 -0.058558 0.038878 7.280716 188 Half_Icosphere_1_0_ArrayCam_IN.188.png
0.0 0.0 0
189 -0.983294665813446 0.09305606037378311 -0.1557399332523346 0.014738784171640873 -0.052760 0.042986 7.282576 189 Half_Icosphere_1_0_ArrayCam_IN.189.png
0.0 0.0 0
190 -0.9712409377098083 0.046843066811561584 -0.23317451775074005 0.01124604046344757 -0.045683 0.040467 7.297149 190 Half_Icosphere_1_0_ArrayCam_IN.190.png
0.0 0.0 0
191 -0.9473418593406677 0.08331666141748428 -0.308006227016449 0.02708851732313633 -0.017440 0.011824 7.305389 191 Half_Icosphere_1_0_ArrayCam_IN.191.png
0.0 0.0 0
192 0.6987819671630859 0.10818321257829666 0.6987821459770203 0.10818309336900711 0.201681 0.097676 7.212585 192 Half_Icosphere_1_0_ArrayCam_IN.192.png
0.0 0.0 0
193 0.7598199844360352 0.029826464131474495 0.648949146270752 0.02547428384423256 0.171056 0.035230 7.225310 193 Half_Icosphere_1_0_ArrayCam_IN.193.png
0.0 0.0 0
194 -0.8060138821601868 0.07088660448789597 -0.5853770971298218 0.05148223415017128 0.192528 0.001904 7.249448 194 Half_Icosphere_1_0_ArrayCam_IN.194.png
0.0 0.0 0
195 0.7045233249664307 0.060389697551727295 0.7045232653617859 0.060389645397663116 0.201679 -0.022549 7.199432 195 Half_Icosphere_1_0_ArrayCam_IN.195.png
0.0 0.0 0
196 0.6489492058753967 0.025474313646554947 0.7598199844360352 0.029826447367668152 0.227337 0.040176 7.162406 196 Half_Icosphere_1_0_ArrayCam_IN.196.png
0.0 0.0 0
197 -0.7595223188400269 0.03663181513547897 -0.6486948728561401 0.03128660097718239 0.209684 0.032428 7.213972 197 Half_Icosphere_1_0_ArrayCam_IN.197.png
0.0 0.0 0
198 -0.7039613723754883 0.06662009656429291 -0.7039614915847778 0.06662013381719589 0.201680 0.022683 7.176305 198 Half_Icosphere_1_0_ArrayCam_IN.198.png
0.0 0.0 0
199 -0.6486949324607849 0.03128661587834358 -0.7595223188400269 0.03663179650902748 0.188709 0.026356 7.151167 199 Half_Icosphere_1_0_ArrayCam_IN.199.png
0.0 0.0 0
200 -0.5853772163391113 0.051482122391462326 -0.806013822555542 0.07088655978441238 0.191043 -0.019879 7.126578 200 Half_Icosphere_1_0_ArrayCam_IN.200.png
0.0 0.0 0
