# Image list with two lines per image
# IMAGE_ID, QW, QX, QY, QZ, TX, TY, TZ, CAMERA_ID, NAME
1 0.9356530904769897 0.28317585587501526 0.20159868896007538 0.061013929545879364 0.049132 -0.223226 6.581927 1 Half_Icosphere_0_9_ArrayCam_IN.001.png
0.0 0.0 0
2 0.875455379486084 0.2649568021297455 -0.38686785101890564 -0.11708559095859528 -0.154252 -0.119358 6.426048 2 Half_Icosphere_0_9_ArrayCam_IN.002.png
0.0 0.0 0
3 0.48086753487586975 0.1455347090959549 -0.8275598287582397 -0.2504611909389496 -0.038953 0.019988 6.216920 3 Half_Icosphere_0_9_ArrayCam_IN.003.png
0.0 0.0 0
4 0.09739721566438675 0.029477372765541077 0.9521567821502686 0.28817060589790344 0.235683 0.002250 6.243546 4 Half_Icosphere_0_9_ArrayCam_IN.004.png
0.0 0.0 0
5 0.6384626626968384 0.19322921335697174 0.713060736656189 0.21580618619918823 0.290114 -0.148066 6.469136 5 Half_Icosphere_0_9_ArrayCam_IN.005.png
0.0 0.0 0
6 0.3451269865036011 0.2949524521827698 0.6773452162742615 0.5788729786872864 0.234286 0.141248 6.384300 6 Half_Icosphere_0_9_ArrayCam_IN.006.png
0.0 0.0 0
7 0.5202544331550598 0.33988022804260254 0.6559011936187744 0.42849794030189514 0.230912 -0.023249 6.396131 7 Half_Icosphere_0_9_ArrayCam_IN.007.png
0.0 0.0 0
8 0.5955178737640381 0.2739979922771454 0.6860396862030029 0.315647155046463 0.236656 -0.107735 6.426737 8 Half_Icosphere_0_9_ArrayCam_IN.008.png
0.0 0.0 0
9 0.3643912076950073 0.27078717947006226 0.7151596546173096 0.5314509272575378 0.234296 0.017990 6.366214 9 Half_Icosphere_0_9_ArrayCam_IN.009.png
0.0 0.0 0
10 0.22483816742897034 0.14688657224178314 0.8064223527908325 0.5268349647521973 0.200910 0.143322 6.323054 10 Half_Icosphere_0_9_ArrayCam_IN.010.png
0.0 0.0 0
11 0.5077934265136719 0.27427321672439575 0.7185379266738892 0.38810214400291443 0.260214 -0.030290 6.382872 11 Half_Icosphere_0_9_ArrayCam_IN.011.png
0.0 0.0 0
12 0.4069565534591675 0.2012316733598709 0.7986961007118225 0.3949388861656189 0.234284 0.016410 6.339168 12 Half_Icosphere_0_9_ArrayCam_IN.012.png
0.0 0.0 0
13 0.282834529876709 0.15276724100112915 0.833159327507019 0.4500136375427246 0.189081 0.080994 6.309909 13 Half_Icosphere_0_9_ArrayCam_IN.013.png
0.0 0.0 0
14 0.20497989654541016 0.09431201964616776 0.8850272297859192 0.40720415115356445 0.177379 0.058883 6.283997 14 Half_Icosphere_0_9_ArrayCam_IN.014.png
0.0 0.0 0
15 0.5876654386520386 0.2113664448261261 0.7349175810813904 0.2643289268016815 0.222154 -0.045644 6.428975 15 Half_Icosphere_0_9_ArrayCam_IN.015.png
0.0 0.0 0
16 0.5078580379486084 0.16768911480903625 0.8023548722267151 0.2649286687374115 0.272531 -0.033342 6.385767 16 Half_Icosphere_0_9_ArrayCam_IN.016.png
0.0 0.0 0
17 0.42345869541168213 0.16367535293102264 0.8310856819152832 0.32123157382011414 0.234297 -0.017095 6.341965 17 Half_Icosphere_0_9_ArrayCam_IN.017.png
0.0 0.0 0
18 0.3506087064743042 0.11576753109693527 0.8824772834777832 0.2913851737976074 0.187945 0.018291 6.316103 18 Half_Icosphere_0_9_ArrayCam_IN.018.png
0.0 0.0 0
19 0.24913783371448517 0.08960819244384766 0.9074050784111023 0.32636895775794983 0.208242 0.072394 6.286123 19 Half_Icosphere_0_9_ArrayCam_IN.019.png
0.0 0.0 0
20 0.20159873366355896 0.06101387366652489 0.9356531500816345 0.28317558765411377 0.116974 -0.019402 6.276043 20 Half_Icosphere_0_9_ArrayCam_IN.020.png
0.0 0.0 0
21 0.11892379075288773 0.10163473337888718 -0.7508434653282166 -0.6416866183280945 0.052764 0.347257 6.351805 21 Half_Icosphere_0_9_ArrayCam_IN.021.png
0.0 0.0 0
22 0.035362109541893005 0.023102013394236565 0.8364320397377014 0.5464404821395874 0.144587 0.217287 6.290606 22 Half_Icosphere_0_9_ArrayCam_IN.022.png
0.0 0.0 0
23 0.07853718847036362 0.03613528236746788 0.9050535559654236 0.4164183437824249 0.173914 0.096762 6.251549 23 Half_Icosphere_0_9_ArrayCam_IN.023.png
0.0 0.0 0
24 0.12556275725364685 0.09330851584672928 -0.7927597165107727 -0.5891176462173462 0.052763 0.217684 6.306053 24 Half_Icosphere_0_9_ArrayCam_IN.024.png
0.0 0.0 0
25 0.2921077013015747 0.19083355367183685 -0.7845652103424072 -0.5125554203987122 -0.047334 0.254805 6.274149 25 Half_Icosphere_0_9_ArrayCam_IN.025.png
0.0 0.0 0
26 0.011534938588738441 0.0062303259037435055 -0.8797822594642639 -0.4751960039138794 0.145386 0.180059 6.244963 26 Half_Icosphere_0_9_ArrayCam_IN.026.png
0.0 0.0 0
27 0.1402299702167511 0.0693410336971283 -0.8853608965873718 -0.4377938210964203 0.052764 0.182143 6.212561 27 Half_Icosphere_0_9_ArrayCam_IN.027.png
0.0 0.0 0
28 0.26090213656425476 0.14092081785202026 -0.8402856588363647 -0.4538627564907074 -0.044200 0.205119 6.228532 28 Half_Icosphere_0_9_ArrayCam_IN.028.png
0.0 0.0 0
29 0.35437485575675964 0.1630491316318512 -0.836485743522644 -0.38487011194229126 -0.080667 0.134284 6.219403 29 Half_Icosphere_0_9_ArrayCam_IN.029.png
0.0 0.0 0
30 0.04345490783452988 0.015629572793841362 0.9399814605712891 0.3380860984325409 0.137896 0.122101 6.225961 30 Half_Icosphere_0_9_ArrayCam_IN.030.png
0.0 0.0 0
31 0.06075023114681244 0.02005918323993683 -0.947629451751709 -0.31289851665496826 0.132738 0.108701 6.194121 31 Half_Icosphere_0_9_ArrayCam_IN.031.png
0.0 0.0 0
32 0.14591655135154724 0.05639982968568802 -0.9212647080421448 -0.35608816146850586 0.052763 0.123178 6.187624 32 Half_Icosphere_0_9_ArrayCam_IN.032.png
0.0 0.0 0
33 0.23506170511245728 0.07761524617671967 -0.9200206995010376 -0.30378246307373047 -0.029033 0.120327 6.178433 33 Half_Icosphere_0_9_ArrayCam_IN.033.png
0.0 0.0 0
34 0.3318031132221222 0.11934077739715576 -0.8805453181266785 -0.31670865416526794 -0.040970 0.148677 6.193791 34 Half_Icosphere_0_9_ArrayCam_IN.034.png
0.0 0.0 0
35 0.386867880821228 0.11708567291498184 -0.875455379486084 -0.2649567723274231 -0.143998 0.031225 6.200062 35 Half_Icosphere_0_9_ArrayCam_IN.035.png
0.0 0.0 0
36 0.5375445485115051 0.45939722657203674 -0.5375444293022156 -0.45939743518829346 -0.201677 0.240375 6.368663 36 Half_Icosphere_0_9_ArrayCam_IN.036.png
0.0 0.0 0
37 0.46303340792655945 0.3024991452693939 -0.6974736452102661 -0.4556586742401123 -0.131904 0.216428 6.290983 37 Half_Icosphere_0_9_ArrayCam_IN.037.png
0.0 0.0 0
38 0.4684385359287262 0.21553027629852295 -0.7783670425415039 -0.3581295311450958 -0.101579 0.114629 6.236237 38 Half_Icosphere_0_9_ArrayCam_IN.038.png
0.0 0.0 0
39 0.5675540566444397 0.4217609763145447 -0.5675540566444397 -0.42176109552383423 -0.201679 0.114100 6.337263 39 Half_Icosphere_0_9_ArrayCam_IN.039.png
0.0 0.0 0
40 0.6974735856056213 0.45565876364707947 -0.46303343772888184 -0.30249911546707153 -0.239825 0.073039 6.353887 40 Half_Icosphere_0_9_ArrayCam_IN.040.png
0.0 0.0 0
41 0.5264543890953064 0.28435268998146057 -0.7049797773361206 -0.3807792663574219 -0.129309 0.153732 6.262226 41 Half_Icosphere_0_9_ArrayCam_IN.041.png
0.0 0.0 0
42 0.6338487267494202 0.3134258985519409 -0.6338487267494202 -0.31342586874961853 -0.201680 0.096153 6.278242 42 Half_Icosphere_0_9_ArrayCam_IN.042.png
0.0 0.0 0
43 0.704979658126831 0.3807792365550995 -0.526454508304596 -0.28435274958610535 -0.257445 0.057940 6.325031 43 Half_Icosphere_0_9_ArrayCam_IN.043.png
0.0 0.0 0
44 0.7783670425415039 0.3581295907497406 -0.4684384763240814 -0.21553032100200653 -0.254832 -0.028802 6.359107 44 Half_Icosphere_0_9_ArrayCam_IN.044.png
0.0 0.0 0
45 0.5173510313034058 0.18607665598392487 -0.7860038876533508 -0.2827035188674927 -0.138596 0.122898 6.225003 45 Half_Icosphere_0_9_ArrayCam_IN.045.png
0.0 0.0 0
46 0.6061495542526245 0.2001444697380066 -0.7309414148330688 -0.2413495033979416 -0.137333 0.073422 6.241715 46 Half_Icosphere_0_9_ArrayCam_IN.046.png
0.0 0.0 0
47 0.6595534086227417 0.25492995977401733 -0.6595534682273865 -0.25492987036705017 -0.201681 0.050419 6.267693 47 Half_Icosphere_0_9_ArrayCam_IN.047.png
0.0 0.0 0
48 0.7309413552284241 0.2413494884967804 -0.6061496138572693 -0.2001444697380066 -0.259061 0.028977 6.301681 48 Half_Icosphere_0_9_ArrayCam_IN.048.png
0.0 0.0 0
49 0.786003828048706 0.2827034890651703 -0.5173511505126953 -0.18607664108276367 -0.231887 0.021301 6.347968 49 Half_Icosphere_0_9_ArrayCam_IN.049.png
0.0 0.0 0
50 0.8275598287582397 0.250461220741272 -0.48086753487586975 -0.14553463459014893 -0.311483 -0.090765 6.383134 50 Half_Icosphere_0_9_ArrayCam_IN.050.png
0.0 0.0 0
51 0.7508431673049927 0.6416869163513184 -0.11892369389533997 -0.10163483768701553 -0.177409 -0.031680 6.411578 51 Half_Icosphere_0_9_ArrayCam_IN.051.png
0.0 0.0 0
52 0.7845650911331177 0.5125554203987122 -0.29210785031318665 -0.1908336728811264 -0.216456 -0.024634 6.396738 52 Half_Icosphere_0_9_ArrayCam_IN.052.png
0.0 0.0 0
53 0.836485743522644 0.38487014174461365 -0.35437488555908203 -0.16304919123649597 -0.209092 -0.078817 6.401958 53 Half_Icosphere_0_9_ArrayCam_IN.053.png
0.0 0.0 0
54 0.7927596569061279 0.5891176462173462 -0.12556274235248566 -0.09330853074789047 -0.177409 -0.149625 6.416713 54 Half_Icosphere_0_9_ArrayCam_IN.054.png
0.0 0.0 0
55 0.8364319801330566 0.546440601348877 0.035362131893634796 0.023102063685655594 -0.110542 -0.150774 6.452074 55 Half_Icosphere_0_9_ArrayCam_IN.055.png
0.0 0.0 0
56 0.8402856588363647 0.4538627564907074 -0.26090216636657715 -0.14092081785202026 -0.184255 -0.072883 6.410801 56 Half_Icosphere_0_9_ArrayCam_IN.056.png
0.0 0.0 0
57 0.885360836982727 0.4377939999103546 -0.1402299702167511 -0.0693410187959671 -0.177412 -0.122703 6.445440 57 Half_Icosphere_0_9_ArrayCam_IN.057.png
0.0 0.0 0
58 0.8797822594642639 0.4751960039138794 -0.01153496839106083 -0.006230369210243225 -0.155961 -0.157146 6.466049 58 Half_Icosphere_0_9_ArrayCam_IN.058.png
0.0 0.0 0
59 0.9050534963607788 0.4164184629917145 0.07853715121746063 0.036135233938694 -0.104433 -0.204986 6.510044 59 Half_Icosphere_0_9_ArrayCam_IN.059.png
0.0 0.0 0
60 0.8805453181266785 0.31670865416526794 -0.3318031132221222 -0.11934077739715576 -0.225218 -0.044352 6.427420 60 Half_Icosphere_0_9_ArrayCam_IN.060.png
0.0 0.0 0
61 0.9200206995010376 0.3037824332714081 -0.23506172001361847 -0.07761523872613907 -0.164450 -0.090421 6.462771 61 Half_Icosphere_0_9_ArrayCam_IN.061.png
0.0 0.0 0
62 0.9212646484375 0.356088250875473 -0.1459166258573532 -0.05639985576272011 -0.177411 -0.134829 6.471517 62 Half_Icosphere_0_9_ArrayCam_IN.062.png
0.0 0.0 0
63 0.947629451751709 0.31289857625961304 -0.06075023114681244 -0.020059170201420784 -0.184243 -0.129518 6.515521 63 Half_Icosphere_0_9_ArrayCam_IN.063.png
0.0 0.0 0
64 0.9399814009666443 0.33808624744415283 0.04345492273569107 0.01562957465648651 -0.100681 -0.133723 6.535588 64 Half_Icosphere_0_9_ArrayCam_IN.064.png
0.0 0.0 0
65 0.9521567821502686 0.2881706655025482 0.09739722311496735 0.029477305710315704 -0.154017 -0.216784 6.572262 65 Half_Icosphere_0_9_ArrayCam_IN.065.png
0.0 0.0 0
66 0.6773451566696167 0.5788729190826416 0.34512701630592346 0.2949525713920593 0.092039 -0.092943 6.421242 66 Half_Icosphere_0_9_ArrayCam_IN.066.png
0.0 0.0 0
67 0.806422233581543 0.5268350839614868 0.2248382866382599 0.14688672125339508 0.007788 -0.172773 6.461723 67 Half_Icosphere_0_9_ArrayCam_IN.067.png
0.0 0.0 0
68 0.8850271701812744 0.407204270362854 0.20498009026050568 0.09431209415197372 -0.000047 -0.216253 6.519695 68 Half_Icosphere_0_9_ArrayCam_IN.068.png
0.0 0.0 0
69 0.7151595950126648 0.5314509272575378 0.3643912076950073 0.27078720927238464 0.092029 -0.209021 6.434606 69 Half_Icosphere_0_9_ArrayCam_IN.069.png
0.0 0.0 0
70 0.6559011340141296 0.42849788069725037 0.5202544331550598 0.3398803472518921 0.161858 -0.107332 6.433018 70 Half_Icosphere_0_9_ArrayCam_IN.070.png
0.0 0.0 0
71 0.8331594467163086 0.45001351833343506 0.28283461928367615 0.15276718139648438 0.056479 -0.186613 6.485365 71 Half_Icosphere_0_9_ArrayCam_IN.071.png
0.0 0.0 0
72 0.7986962795257568 0.39493894577026367 0.40695619583129883 0.20123156905174255 0.092036 -0.171994 6.483094 72 Half_Icosphere_0_9_ArrayCam_IN.072.png
0.0 0.0 0
73 0.7185377478599548 0.3881022334098816 0.5077934861183167 0.2742733359336853 0.120006 -0.142904 6.456704 73 Half_Icosphere_0_9_ArrayCam_IN.073.png
0.0 0.0 0
74 0.6860395073890686 0.31564706563949585 0.5955179929733276 0.27399811148643494 0.162700 -0.150795 6.463624 74 Half_Icosphere_0_9_ArrayCam_IN.074.png
0.0 0.0 0
75 0.9074050188064575 0.32636913657188416 0.24913789331912994 0.08960817754268646 -0.002274 -0.148507 6.553482 75 Half_Icosphere_0_9_ArrayCam_IN.075.png
0.0 0.0 0
76 0.8824772238731384 0.2913852632045746 0.3506087064743042 0.11576752364635468 0.088871 -0.156406 6.551801 76 Half_Icosphere_0_9_ArrayCam_IN.076.png
0.0 0.0 0
77 0.8310858011245728 0.3212314546108246 0.4234584867954254 0.16367529332637787 0.092025 -0.176549 6.517421 77 Half_Icosphere_0_9_ArrayCam_IN.077.png
0.0 0.0 0
78 0.8023548722267151 0.2649284601211548 0.5078582167625427 0.1676889806985855 0.092034 -0.136118 6.524437 78 Half_Icosphere_0_9_ArrayCam_IN.078.png
0.0 0.0 0
79 0.7349175214767456 0.2643287777900696 0.5876655578613281 0.21136648952960968 0.171330 -0.102151 6.497368 79 Half_Icosphere_0_9_ArrayCam_IN.079.png
0.0 0.0 0
80 0.7130608558654785 0.21580615639686584 0.6384626030921936 0.19322919845581055 0.110795 -0.172681 6.506078 80 Half_Icosphere_0_9_ArrayCam_IN.080.png
0.0 0.0 0
81 0.6338975429534912 0.13182781636714935 0.7461352348327637 0.15516935288906097 0.330690 0.010549 6.467146 81 Half_Icosphere_0_9_ArrayCam_IN.081.png
0.0 0.0 0
82 0.5856761336326599 0.051508642733097076 0.8057965636253357 0.07086758315563202 0.263548 0.016936 6.419273 82 Half_Icosphere_0_9_ArrayCam_IN.082.png
0.0 0.0 0
83 -0.522098183631897 0.02049451693892479 -0.8519829511642456 0.03344397246837616 0.226350 -0.041099 6.383444 83 Half_Icosphere_0_9_ArrayCam_IN.083.png
0.0 0.0 0
84 0.5852935910224915 0.10527906566858292 0.7912589907646179 0.14232699573040009 0.226648 -0.020499 6.425294 84 Half_Icosphere_0_9_ArrayCam_IN.084.png
0.0 0.0 0
85 0.5128368139266968 0.11884856969118118 0.8282686471939087 0.19194909930229187 0.275911 0.004078 6.383780 85 Half_Icosphere_0_9_ArrayCam_IN.085.png
0.0 0.0 0
86 0.5218937397003174 0.025170519948005676 0.8516491651535034 0.04107430577278137 0.261110 -0.017654 6.373428 86 Half_Icosphere_0_9_ArrayCam_IN.086.png
0.0 0.0 0
87 0.45197197794914246 0.04277331009507179 0.8870426416397095 0.08394700288772583 0.234296 0.003880 6.331418 87 Half_Icosphere_0_9_ArrayCam_IN.087.png
0.0 0.0 0
88 0.4462658762931824 0.08339755982160568 0.875843346118927 0.1636763960123062 0.234288 0.038432 6.337990 88 Half_Icosphere_0_9_ArrayCam_IN.088.png
0.0 0.0 0
89 0.36864593625068665 0.08543308824300766 0.9017374515533447 0.20897606015205383 0.186217 0.038199 6.314117 89 Half_Icosphere_0_9_ArrayCam_IN.089.png
0.0 0.0 0
90 -0.45233353972435 0.03877329081296921 -0.8877501487731934 0.07609646022319794 0.234292 -0.001747 6.351822 90 Half_Icosphere_0_9_ArrayCam_IN.090.png
0.0 0.0 0
91 -0.3823900520801544 0.015010417439043522 -0.9231681227684021 0.03623836115002632 0.236468 -0.046846 6.310366 91 Half_Icosphere_0_9_ArrayCam_IN.091.png
0.0 0.0 0
92 0.3822402060031891 0.0184352807700634 0.9228065013885498 0.04450644552707672 0.201699 -0.010601 6.300464 92 Half_Icosphere_0_9_ArrayCam_IN.092.png
0.0 0.0 0
93 0.3076525330543518 0.027057530358433723 0.9474567770957947 0.08332706987857819 0.182050 0.042236 6.276529 93 Half_Icosphere_0_9_ArrayCam_IN.093.png
0.0 0.0 0
94 0.2961169183254242 0.053264033049345016 0.9386020302772522 0.16883105039596558 0.216443 0.032614 6.282441 94 Half_Icosphere_0_9_ArrayCam_IN.094.png
0.0 0.0 0
95 0.23103897273540497 0.048048388212919235 0.9514010548591614 0.19785945117473602 0.087932 0.094486 6.274054 95 Half_Icosphere_0_9_ArrayCam_IN.095.png
0.0 0.0 0
96 0.0742635428905487 0.01544429175555706 0.976231575012207 0.2030227929353714 0.262234 0.117352 6.221471 96 Half_Icosphere_0_9_ArrayCam_IN.096.png
0.0 0.0 0
97 0.00018377725791651756 1.6168878573807888e-05 0.9961549043655396 0.0876094326376915 0.155452 0.061357 6.168694 97 Half_Icosphere_0_9_ArrayCam_IN.097.png
0.0 0.0 0
98 -0.07839852571487427 0.003077480709180236 0.9961501359939575 -0.03910375386476517 0.079685 -0.059467 6.149777 98 Half_Icosphere_0_9_ArrayCam_IN.098.png
0.0 0.0 0
99 0.00841884221881628 0.0015143422642722726 0.9841686487197876 0.17702791094779968 0.122827 0.068796 6.185096 99 Half_Icosphere_0_9_ArrayCam_IN.099.png
0.0 0.0 0
100 0.0719536542892456 0.01667514443397522 -0.9715210199356079 -0.22514793276786804 0.131414 0.107777 6.172080 100 Half_Icosphere_0_9_ArrayCam_IN.100.png
0.0 0.0 0
101 0.0783679410815239 0.0037797216791659594 -0.9957598447799683 -0.04802541434764862 0.114442 0.004894 6.140127 101 Half_Icosphere_0_9_ArrayCam_IN.101.png
0.0 0.0 0
102 0.15573981404304504 0.014738745987415314 -0.9832947254180908 -0.09305595606565475 0.052771 0.043006 6.126564 102 Half_Icosphere_0_9_ArrayCam_IN.102.png
0.0 0.0 0
103 0.15377353131771088 0.028737172484397888 -0.9708801507949829 -0.18143747746944427 0.052759 0.113748 6.143507 103 Half_Icosphere_0_9_ArrayCam_IN.103.png
0.0 0.0 0
104 0.23178958892822266 0.05371684208512306 -0.9462050199508667 -0.2192811220884323 -0.027332 0.115460 6.156391 104 Half_Icosphere_0_9_ArrayCam_IN.104.png
0.0 0.0 0
105 -0.15586167573928833 0.013360175304114819 0.9840797781944275 -0.08435379713773727 0.052762 -0.037242 6.146307 105 Half_Icosphere_0_9_ArrayCam_IN.105.png
0.0 0.0 0
106 -0.23326583206653595 0.00915683526545763 0.971621572971344 -0.03814074024558067 0.024556 -0.060764 6.133319 106 Half_Icosphere_0_9_ArrayCam_IN.106.png
0.0 0.0 0
107 0.23317429423332214 0.011246039532124996 -0.9712409973144531 -0.046842847019433975 -0.010221 0.006483 6.123695 107 Half_Icosphere_0_9_ArrayCam_IN.107.png
0.0 0.0 0
108 0.3080061376094818 0.027088545262813568 -0.9473419189453125 -0.08331668376922607 -0.055089 0.067054 6.136546 108 Half_Icosphere_0_9_ArrayCam_IN.108.png
0.0 0.0 0
109 0.3121340274810791 0.05614519491791725 -0.933397650718689 -0.16789525747299194 -0.023048 0.080761 6.152924 109 Half_Icosphere_0_9_ArrayCam_IN.109.png
0.0 0.0 0
110 0.37230604887008667 0.0774269551038742 -0.9055006504058838 -0.18831315636634827 -0.167948 0.136256 6.177987 110 Half_Icosphere_0_9_ArrayCam_IN.110.png
0.0 0.0 0
111 0.5137338638305664 0.10683873295783997 -0.833439290523529 -0.173326313495636 -0.013700 0.124401 6.205266 111 Half_Icosphere_0_9_ArrayCam_IN.111.png
0.0 0.0 0
112 0.5853768587112427 0.05148215964436531 -0.8060140609741211 -0.07088650017976761 -0.119993 0.057142 6.192492 112 Half_Icosphere_0_9_ArrayCam_IN.112.png
0.0 0.0 0
113 -0.6489492058753967 0.025474311783909798 0.7598199248313904 -0.029826467856764793 -0.188556 -0.054205 6.216631 113 Half_Icosphere_0_9_ArrayCam_IN.113.png
0.0 0.0 0
114 0.571669340133667 0.1028292328119278 -0.8011573553085327 -0.14410847425460815 -0.152970 0.061976 6.203428 114 Half_Icosphere_0_9_ArrayCam_IN.114.png
0.0 0.0 0
115 0.6292561292648315 0.1458282321691513 -0.7436850666999817 -0.17234653234481812 -0.137439 0.079373 6.230077 115 Half_Icosphere_0_9_ArrayCam_IN.115.png
0.0 0.0 0
116 0.6486948728561401 0.0312865749001503 -0.7595223188400269 -0.036631736904382706 -0.153791 -0.001560 6.206875 116 Half_Icosphere_0_9_ArrayCam_IN.116.png
0.0 0.0 0
117 0.7039616107940674 0.06662042438983917 -0.7039612531661987 -0.06662040203809738 -0.201678 0.022713 6.232838 117 Half_Icosphere_0_9_ArrayCam_IN.117.png
0.0 0.0 0
118 0.695073664188385 0.12989479303359985 -0.6950736045837402 -0.12989477813243866 -0.201680 0.074668 6.244401 118 Half_Icosphere_0_9_ArrayCam_IN.118.png
0.0 0.0 0
119 0.7436849474906921 0.17234660685062408 -0.6292562484741211 -0.1458282172679901 -0.260357 0.050003 6.290042 119 Half_Icosphere_0_9_ArrayCam_IN.119.png
0.0 0.0 0
120 -0.7045233249664307 0.06038959324359894 0.7045232653617859 -0.06038960814476013 -0.201680 -0.018834 6.252924 120 Half_Icosphere_0_9_ArrayCam_IN.120.png
0.0 0.0 0
121 -0.7598200440406799 0.029826581478118896 0.6489490866661072 -0.025474360212683678 -0.209837 -0.049257 6.279535 121 Half_Icosphere_0_9_ArrayCam_IN.121.png
0.0 0.0 0
122 0.7595224380493164 0.03663214296102524 -0.6486947536468506 -0.031286824494600296 -0.244602 -0.007637 6.269681 122 Half_Icosphere_0_9_ArrayCam_IN.122.png
0.0 0.0 0
123 0.8060137629508972 0.07088648527860641 -0.5853772163391113 -0.051482200622558594 -0.263586 0.035363 6.315362 123 Half_Icosphere_0_9_ArrayCam_IN.123.png
0.0 0.0 0
124 0.8011572360992432 0.14410851895809174 -0.5716693997383118 -0.10282929986715317 -0.228462 0.016262 6.326392 124 Half_Icosphere_0_9_ArrayCam_IN.124.png
0.0 0.0 0
125 0.833439290523529 0.17332641780376434 -0.5137338042259216 -0.10683878511190414 -0.346648 0.052141 6.371479 125 Half_Icosphere_0_9_ArrayCam_IN.125.png
0.0 0.0 0
126 0.9055006504058838 0.18831324577331543 -0.37230607867240906 -0.07742693275213242 -0.115779 0.021950 6.440919 126 Half_Icosphere_0_9_ArrayCam_IN.126.png
0.0 0.0 0
127 0.9473418593406677 0.08331657201051712 -0.3080064356327057 -0.027088439092040062 -0.182124 0.010112 6.457775 127 Half_Icosphere_0_9_ArrayCam_IN.127.png
0.0 0.0 0
128 -0.9716215133666992 0.0381409153342247 0.23326608538627625 -0.009156864136457443 -0.207680 -0.032589 6.491611 128 Half_Icosphere_0_9_ArrayCam_IN.128.png
0.0 0.0 0
129 0.9333975911140442 0.16789527237415314 -0.3121342658996582 -0.05614530295133591 -0.219592 -0.031526 6.454948 129 Half_Icosphere_0_9_ArrayCam_IN.129.png
0.0 0.0 0
130 0.9462050199508667 0.21928094327449799 -0.23178958892822266 -0.053716711699962616 -0.159099 -0.041875 6.477618 130 Half_Icosphere_0_9_ArrayCam_IN.130.png
0.0 0.0 0
131 0.9712409377098083 0.046842657029628754 -0.23317447304725647 -0.011245917528867722 -0.172899 -0.028102 6.481423 131 Half_Icosphere_0_9_ArrayCam_IN.131.png
0.0 0.0 0
132 0.9832946062088013 0.09305588155984879 -0.15574023127555847 -0.014738746918737888 -0.177418 -0.028959 6.503371 132 Half_Icosphere_0_9_ArrayCam_IN.132.png
0.0 0.0 0
133 0.9708801507949829 0.18143746256828308 -0.1537739634513855 -0.028737200424075127 -0.177407 -0.024795 6.501235 133 Half_Icosphere_0_9_ArrayCam_IN.133.png
0.0 0.0 0
134 0.9715209603309631 0.22514793276786804 -0.071953684091568 -0.016675109043717384 -0.190835 -0.067713 6.530369 134 Half_Icosphere_0_9_ArrayCam_IN.134.png
0.0 0.0 0
135 -0.9840797781944275 0.08435381203889847 0.1558617204427719 -0.013360235840082169 -0.177405 0.028045 6.524330 135 Half_Icosphere_0_9_ArrayCam_IN.135.png
0.0 0.0 0
136 -0.9961501359939575 0.039103541523218155 0.07839863002300262 -0.0030775158666074276 -0.142784 -0.028240 6.546946 136 Half_Icosphere_0_9_ArrayCam_IN.136.png
0.0 0.0 0
137 0.995759904384613 0.04802505671977997 -0.07836814969778061 -0.0037796548567712307 -0.177541 -0.033442 6.536673 137 Half_Icosphere_0_9_ArrayCam_IN.137.png
0.0 0.0 0
138 0.9961548447608948 0.08760946244001389 0.00018369533063378185 1.6155554476426914e-05 -0.155303 -0.009048 6.565861 138 Half_Icosphere_0_9_ArrayCam_IN.138.png
0.0 0.0 0
139 0.9841686487197876 0.17702794075012207 0.00841863639652729 0.00151430768892169 -0.115927 -0.071745 6.563118 139 Half_Icosphere_0_9_ArrayCam_IN.139.png
0.0 0.0 0
140 0.976231575012207 0.20302286744117737 0.07426353543996811 0.01544428151100874 -0.201219 -0.041613 6.587132 140 Half_Icosphere_0_9_ArrayCam_IN.140.png
0.0 0.0 0
141 0.9514010548591614 0.19785940647125244 0.23103900253772736 0.048048343509435654 0.097064 -0.048417 6.602771 141 Half_Icosphere_0_9_ArrayCam_IN.141.png
0.0 0.0 0
142 0.9474568963050842 0.08332709223031998 0.3076522946357727 0.02705746330320835 0.054916 -0.014740 6.597934 142 Half_Icosphere_0_9_ArrayCam_IN.142.png
0.0 0.0 0
143 -0.9231683015823364 0.036238688975572586 -0.38238951563835144 0.015010572969913483 0.048748 -0.024487 6.594707 143 Half_Icosphere_0_9_ArrayCam_IN.143.png
0.0 0.0 0
144 0.9386019706726074 0.16883116960525513 0.29611703753471375 0.053264059126377106 0.015031 -0.082503 6.592069 144 Half_Icosphere_0_9_ArrayCam_IN.144.png
0.0 0.0 0
145 0.9017375111579895 0.20897549390792847 0.3686460256576538 0.08543286472558975 0.096359 -0.088407 6.572613 145 Half_Icosphere_0_9_ArrayCam_IN.145.png
0.0 0.0 0
146 0.9228065013885498 0.044506218284368515 0.3822402060031891 0.018435120582580566 0.083524 -0.038051 6.584359 146 Half_Icosphere_0_9_ArrayCam_IN.146.png
0.0 0.0 0
147 0.8870429992675781 0.08394630998373032 0.4519714117050171 0.04277285560965538 0.092027 -0.040596 6.564299 147 Half_Icosphere_0_9_ArrayCam_IN.147.png
0.0 0.0 0
148 0.8758435845375061 0.16367611289024353 0.44626563787460327 0.08339733630418777 0.092036 -0.047192 6.559077 148 Half_Icosphere_0_9_ArrayCam_IN.148.png
0.0 0.0 0
149 0.8282687664031982 0.19194866716861725 0.5128368735313416 0.11884825676679611 0.085162 -0.075005 6.545248 149 Half_Icosphere_0_9_ArrayCam_IN.149.png
0.0 0.0 0
150 -0.8877500295639038 0.07609713077545166 -0.4523336589336395 0.03877364471554756 0.092038 0.038609 6.585453 150 Half_Icosphere_0_9_ArrayCam_IN.150.png
0.0 0.0 0
151 -0.8519829511642456 0.033444128930568695 -0.5220982432365417 0.020494576543569565 0.133051 -0.026746 6.566000 151 Half_Icosphere_0_9_ArrayCam_IN.151.png
0.0 0.0 0
152 0.8516495227813721 0.0410737544298172 0.5218932032585144 0.025170056149363518 0.098284 -0.035274 6.555697 152 Half_Icosphere_0_9_ArrayCam_IN.152.png
0.0 0.0 0
153 0.8057965040206909 0.0708676353096962 0.5856761932373047 0.05150860920548439 0.120120 -0.004799 6.541863 153 Half_Icosphere_0_9_ArrayCam_IN.153.png
0.0 0.0 0
154 0.7912594676017761 0.14232681691646576 0.5852930545806885 0.10527882725000381 0.159041 -0.061641 6.535955 154 Half_Icosphere_0_9_ArrayCam_IN.154.png
0.0 0.0 0
155 0.7461352944374084 0.1551693081855774 0.6338974833488464 0.13182783126831055 0.067367 -0.015437 6.526921 155 Half_Icosphere_0_9_ArrayCam_IN.155.png
0.0 0.0 0
156 0.15459144115447998 0.02393363229930401 0.9760603904724121 0.15111178159713745 0.177406 0.167538 6.240329 156 Half_Icosphere_0_9_ArrayCam_IN.156.png
0.0 0.0 0
157 0.23326583206653595 0.009156789630651474 0.971621572971344 0.038140833377838135 0.191087 0.052148 6.242857 157 Half_Icosphere_0_9_ArrayCam_IN.157.png
0.0 0.0 0
158 -0.3080061972141266 0.0270884707570076 -0.9473419189453125 0.0833166316151619 0.250835 -0.042213 6.276690 158 Half_Icosphere_0_9_ArrayCam_IN.158.png
0.0 0.0 0
159 0.1558617353439331 0.013360203243792057 0.9840798377990723 0.08435346186161041 0.177414 0.024516 6.220004 159 Half_Icosphere_0_9_ArrayCam_IN.159.png
0.0 0.0 0
160 0.07839883118867874 0.003077487228438258 0.9961501359939575 0.03910347446799278 0.159353 0.056501 6.187521 160 Half_Icosphere_0_9_ArrayCam_IN.160.png
0.0 0.0 0
161 -0.23317447304725647 0.011246055364608765 -0.9712409377098083 0.04684305191040039 0.225863 0.004090 6.233060 161 Half_Icosphere_0_9_ArrayCam_IN.161.png
0.0 0.0 0
162 -0.1557399481534958 0.014738831669092178 -0.9832946062088013 0.09305620193481445 0.177406 -0.028977 6.200023 162 Half_Icosphere_0_9_ArrayCam_IN.162.png
0.0 0.0 0
163 -0.07836811244487762 0.0037797160912305117 -0.9957598447799683 0.04802560806274414 0.124599 -0.001251 6.177811 163 Half_Icosphere_0_9_ArrayCam_IN.163.png
0.0 0.0 0
164 -0.0001833690475905314 1.6074436643975787e-05 0.9961548447608948 -0.08760966360569 0.086564 -0.061372 6.168605 164 Half_Icosphere_0_9_ArrayCam_IN.164.png
0.0 0.0 0
165 0.44864776730537415 0.06945854425430298 -0.8805156350135803 -0.13631926476955414 -0.092036 0.186299 6.181204 165 Half_Icosphere_0_9_ArrayCam_IN.165.png
0.0 0.0 0
166 0.38238975405693054 0.015010551549494267 -0.9231682419776917 -0.036238495260477066 -0.065335 0.060258 6.139759 166 Half_Icosphere_0_9_ArrayCam_IN.166.png
0.0 0.0 0
167 -0.3076521158218384 0.027057377621531487 0.947456955909729 -0.08332692086696625 0.013801 -0.067056 6.136531 167 Half_Icosphere_0_9_ArrayCam_IN.167.png
0.0 0.0 0
168 0.4523336887359619 0.038773324340581894 -0.8877500891685486 -0.07609648257493973 -0.092032 0.035068 6.158880 168 Half_Icosphere_0_9_ArrayCam_IN.168.png
0.0 0.0 0
169 0.5220979452133179 0.020494556054472923 -0.8519831299781799 -0.033443912863731384 -0.116477 0.058003 6.168466 169 Half_Icosphere_0_9_ArrayCam_IN.169.png
0.0 0.0 0
170 -0.38223984837532043 0.018435312435030937 0.9228065609931946 -0.04450676962733269 -0.030561 -0.005865 6.130124 170 Half_Icosphere_0_9_ArrayCam_IN.170.png
0.0 0.0 0
171 -0.4519708752632141 0.04277323558926582 0.8870431780815125 -0.0839473232626915 -0.092043 -0.040608 6.139096 171 Half_Icosphere_0_9_ArrayCam_IN.171.png
0.0 0.0 0
172 -0.5218934416770935 0.025170480832457542 0.8516493439674377 -0.041074372828006744 -0.151233 -0.003099 6.158786 172 Half_Icosphere_0_9_ArrayCam_IN.172.png
0.0 0.0 0
173 -0.5856755375862122 0.0515088215470314 0.8057969212532043 -0.07086801528930664 -0.188850 -0.057111 6.192603 173 Half_Icosphere_0_9_ArrayCam_IN.173.png
0.0 0.0 0
174 0.8805156350135803 0.1363193392753601 -0.448647677898407 -0.06945851445198059 -0.234289 0.114607 6.407192 174 Half_Icosphere_0_9_ArrayCam_IN.174.png
0.0 0.0 0
175 0.8519830703735352 0.03344368562102318 -0.5220980048179626 -0.020494434982538223 -0.242921 0.043652 6.351022 175 Half_Icosphere_0_9_ArrayCam_IN.175.png
0.0 0.0 0
176 -0.8057968616485596 0.07086797058582306 0.5856755971908569 -0.05150886997580528 -0.194816 -0.035380 6.315194 176 Half_Icosphere_0_9_ArrayCam_IN.176.png
0.0 0.0 0
177 0.8877501487731934 0.07609646767377853 -0.4523335099220276 -0.03877326846122742 -0.234292 -0.005280 6.392509 177 Half_Icosphere_0_9_ArrayCam_IN.177.png
0.0 0.0 0
178 0.9231682419776917 0.03623858839273453 -0.38238969445228577 -0.01501054409891367 -0.219884 0.037900 6.424099 178 Half_Icosphere_0_9_ArrayCam_IN.178.png
0.0 0.0 0
179 -0.8516493439674377 0.04107443243265152 0.5218934416770935 -0.025170456618070602 -0.208165 0.014525 6.341057 179 Half_Icosphere_0_9_ArrayCam_IN.179.png
0.0 0.0 0
180 -0.8870431184768677 0.08394721895456314 0.45197099447250366 -0.042773228138685226 -0.234283 0.003868 6.371976 180 Half_Icosphere_0_9_ArrayCam_IN.180.png
0.0 0.0 0
181 -0.9228065609931946 0.04450654983520508 0.3822398781776428 -0.018435297533869743 -0.254658 0.021581 6.414019 181 Half_Icosphere_0_9_ArrayCam_IN.181.png
0.0 0.0 0
182 -0.9474570155143738 0.08332683145999908 0.30765199661254883 -0.02705739438533783 -0.250767 -0.010082 6.457934 182 Half_Icosphere_0_9_ArrayCam_IN.182.png
0.0 0.0 0
183 0.9760603904724121 0.15111187100410461 0.1545914113521576 0.023933574557304382 -0.052762 0.051536 6.605989 183 Half_Icosphere_0_9_ArrayCam_IN.183.png
0.0 0.0 0
184 0.9961501359939575 0.03910354897379875 0.07839885354042053 0.0030775205232203007 -0.096253 0.025271 6.584690 184 Half_Icosphere_0_9_ArrayCam_IN.184.png
0.0 0.0 0
185 -0.9961548447608948 0.08760984241962433 0.00018337472283747047 -1.6127431081258692e-05 -0.086713 0.009036 6.565773 185 Half_Icosphere_0_9_ArrayCam_IN.185.png
0.0 0.0 0
186 0.9840798377990723 0.0843534767627716 0.15586169064044952 0.013360202312469482 -0.052771 -0.040769 6.598026 186 Half_Icosphere_0_9_ArrayCam_IN.186.png
0.0 0.0 0
187 0.9716215133666992 0.038140710443258286 0.2332659363746643 0.009156772866845131 -0.007964 0.023978 6.601147 187 Half_Icosphere_0_9_ArrayCam_IN.187.png
0.0 0.0 0
188 -0.9957598447799683 0.04802551865577698 -0.07836811989545822 0.0037796981632709503 -0.061500 0.037089 6.574356 188 Half_Icosphere_0_9_ArrayCam_IN.188.png
0.0 0.0 0
189 -0.983294665813446 0.09305615723133087 -0.1557399481534958 0.014738778583705425 -0.052760 0.042988 6.576832 189 Half_Icosphere_0_9_ArrayCam_IN.189.png
0.0 0.0 0
190 -0.9712409377098083 0.04684307426214218 -0.23317454755306244 0.011246050707995892 -0.042740 0.038679 6.590789 190 Half_Icosphere_0_9_ArrayCam_IN.190.png
0.0 0.0 0
191 -0.9473419189453125 0.08331665396690369 -0.3080061972141266 0.027088485658168793 -0.013624 0.014731 6.597919 191 Half_Icosphere_0_9_ArrayCam_IN.191.png
0.0 0.0 0
192 0.6987819671630859 0.10818319022655487 0.6987821459770203 0.10818315297365189 0.201681 0.084249 6.502861 192 Half_Icosphere_0_9_ArrayCam_IN.192.png
0.0 0.0 0
193 0.7598199248313904 0.0298264529556036 0.6489492058753967 0.025474311783909798 0.171978 0.030523 6.517839 193 Half_Icosphere_0_9_ArrayCam_IN.193.png
0.0 0.0 0
194 -0.8060138821601868 0.07088670134544373 -0.585377037525177 0.05148220434784889 0.188710 0.004812 6.541976 194 Half_Icosphere_0_9_ArrayCam_IN.194.png
0.0 0.0 0
195 0.7045233249664307 0.060389697551727295 0.7045232653617859 0.060389645397663116 0.201679 -0.022354 6.491413 195 Half_Icosphere_0_9_ArrayCam_IN.195.png
0.0 0.0 0
196 0.6489492058753967 0.025474337860941887 0.7598199248313904 0.029826492071151733 0.226415 0.035468 6.454935 196 Half_Icosphere_0_9_ArrayCam_IN.196.png
0.0 0.0 0
197 -0.7595223188400269 0.03663181513547897 -0.6486948728561401 0.03128660097718239 0.206743 0.030639 6.507611 197 Half_Icosphere_0_9_ArrayCam_IN.197.png
0.0 0.0 0
198 -0.7039613723754883 0.06662008911371231 -0.7039614915847778 0.0666201114654541 0.201680 0.022685 6.470560 198 Half_Icosphere_0_9_ArrayCam_IN.198.png
0.0 0.0 0
199 -0.6486949324607849 0.03128661587834358 -0.7595223188400269 0.03663179650902748 0.191650 0.024567 6.444807 199 Half_Icosphere_0_9_ArrayCam_IN.199.png
0.0 0.0 0
200 -0.5853771567344666 0.05148211121559143 -0.806013822555542 0.0708865150809288 0.194861 -0.016972 6.419106 200 Half_Icosphere_0_9_ArrayCam_IN.200.png
0.0 0.0 0
