# Image list with two lines per image
# IMAGE_ID, QW, QX, QY, QZ, TX, TY, TZ, CAMERA_ID, NAME
1 0.9356530904769897 0.2831757962703705 0.20159870386123657 0.061013903468847275 0.040649 -0.212816 5.872203 1 Half_Icosphere_0_8_ArrayCam_IN.001.png
0.0 0.0 0
2 0.875455379486084 0.2649567425251007 -0.386867880821228 -0.11708558350801468 -0.162735 -0.108948 5.716325 2 Half_Icosphere_0_8_ArrayCam_IN.002.png
0.0 0.0 0
3 0.48086753487586975 0.1455347090959549 -0.8275598287582397 -0.2504611909389496 -0.047436 0.030398 5.507197 3 Half_Icosphere_0_8_ArrayCam_IN.003.png
0.0 0.0 0
4 0.09739722311496735 0.029477352276444435 0.9521567821502686 0.28817054629325867 0.227200 0.012660 5.533822 4 Half_Icosphere_0_8_ArrayCam_IN.004.png
0.0 0.0 0
5 0.6384626626968384 0.19322915375232697 0.713060736656189 0.21580618619918823 0.281631 -0.137657 5.759411 5 Half_Icosphere_0_8_ArrayCam_IN.005.png
0.0 0.0 0
6 0.3451269865036011 0.2949524521827698 0.6773452162742615 0.5788729786872864 0.234287 0.127819 5.674576 6 Half_Icosphere_0_8_ArrayCam_IN.006.png
0.0 0.0 0
7 0.5202544331550598 0.33988022804260254 0.6559011936187744 0.42849794030189514 0.230136 -0.027984 5.688661 7 Half_Icosphere_0_8_ArrayCam_IN.007.png
0.0 0.0 0
8 0.5955178141593933 0.27399808168411255 0.6860397458076477 0.31564709544181824 0.234439 -0.103482 5.719266 8 Half_Icosphere_0_8_ArrayCam_IN.008.png
0.0 0.0 0
9 0.3643912076950073 0.27078717947006226 0.7151596546173096 0.5314509272575378 0.234295 0.018187 5.658195 9 Half_Icosphere_0_8_ArrayCam_IN.009.png
0.0 0.0 0
10 0.22483816742897034 0.14688657224178314 0.8064223527908325 0.5268349647521973 0.201687 0.138588 5.615583 10 Half_Icosphere_0_8_ArrayCam_IN.010.png
0.0 0.0 0
11 0.5077934861183167 0.274273157119751 0.7185379266738892 0.38810208439826965 0.256912 -0.031267 5.676511 11 Half_Icosphere_0_8_ArrayCam_IN.011.png
0.0 0.0 0
12 0.4069565534591675 0.20123165845870972 0.7986961603164673 0.3949388861656189 0.234286 0.016409 5.633424 12 Half_Icosphere_0_8_ArrayCam_IN.012.png
0.0 0.0 0
13 0.282834529876709 0.15276724100112915 0.833159327507019 0.4500136375427246 0.192381 0.080017 5.603549 13 Half_Icosphere_0_8_ArrayCam_IN.013.png
0.0 0.0 0
14 0.20497989654541016 0.09431201219558716 0.885027289390564 0.40720412135124207 0.179599 0.063137 5.576527 14 Half_Icosphere_0_8_ArrayCam_IN.014.png
0.0 0.0 0
15 0.5876653790473938 0.2113664448261261 0.7349175810813904 0.26432889699935913 0.222288 -0.045787 5.720956 15 Half_Icosphere_0_8_ArrayCam_IN.015.png
0.0 0.0 0
16 0.507858157157898 0.16768909990787506 0.8023548722267151 0.2649286091327667 0.268256 -0.031164 5.678298 16 Half_Icosphere_0_8_ArrayCam_IN.016.png
0.0 0.0 0
17 0.42345869541168213 0.1636754274368286 0.8310856819152832 0.32123154401779175 0.234297 -0.013653 5.635605 17 Half_Icosphere_0_8_ArrayCam_IN.017.png
0.0 0.0 0
18 0.3506087064743042 0.11576753109693527 0.8824772834777832 0.2913851737976074 0.192220 0.020470 5.608633 18 Half_Icosphere_0_8_ArrayCam_IN.018.png
0.0 0.0 0
19 0.24913781881332397 0.0896080732345581 0.9074051380157471 0.3263690173625946 0.208107 0.072249 5.578106 19 Half_Icosphere_0_8_ArrayCam_IN.019.png
0.0 0.0 0
20 0.20159870386123657 0.061013877391815186 0.9356531500816345 0.28317564725875854 0.125458 -0.008993 5.566319 20 Half_Icosphere_0_8_ArrayCam_IN.020.png
0.0 0.0 0
21 0.11892379820346832 0.10163473337888718 -0.7508434653282166 -0.6416865587234497 0.052764 0.333829 5.642080 21 Half_Icosphere_0_8_ArrayCam_IN.021.png
0.0 0.0 0
22 0.035362109541893005 0.023102013394236565 0.8364320397377014 0.5464404821395874 0.143811 0.212553 5.583136 22 Half_Icosphere_0_8_ArrayCam_IN.022.png
0.0 0.0 0
23 0.07853714376688004 0.03613519296050072 0.9050535559654236 0.4164183437824249 0.171695 0.101016 5.544078 23 Half_Icosphere_0_8_ArrayCam_IN.023.png
0.0 0.0 0
24 0.12556277215480804 0.09330851584672928 -0.7927597165107727 -0.5891176462173462 0.052763 0.217881 5.598034 24 Half_Icosphere_0_8_ArrayCam_IN.024.png
0.0 0.0 0
25 0.2921077013015747 0.19083359837532043 -0.7845651507377625 -0.5125555992126465 -0.046557 0.250068 5.566679 25 Half_Icosphere_0_8_ArrayCam_IN.025.png
0.0 0.0 0
26 0.01153494045138359 0.00623032683506608 -0.8797822594642639 -0.4751960039138794 0.142085 0.179082 5.538603 26 Half_Icosphere_0_8_ArrayCam_IN.026.png
0.0 0.0 0
27 0.1402299702167511 0.06934105604887009 -0.8853608965873718 -0.4377938508987427 0.052764 0.182142 5.506817 27 Half_Icosphere_0_8_ArrayCam_IN.027.png
0.0 0.0 0
28 0.26090213656425476 0.14092081785202026 -0.8402856588363647 -0.4538627564907074 -0.040900 0.204141 5.522171 28 Half_Icosphere_0_8_ArrayCam_IN.028.png
0.0 0.0 0
29 0.35437485575675964 0.1630491316318512 -0.836485743522644 -0.38487011194229126 -0.078448 0.138538 5.511932 29 Half_Icosphere_0_8_ArrayCam_IN.029.png
0.0 0.0 0
30 0.04345491901040077 0.015629572793841362 0.9399814605712891 0.3380860984325409 0.138030 0.121956 5.517943 30 Half_Icosphere_0_8_ArrayCam_IN.030.png
0.0 0.0 0
31 0.06075023114681244 0.020059192553162575 -0.947629451751709 -0.3128984272480011 0.128463 0.110881 5.486650 31 Half_Icosphere_0_8_ArrayCam_IN.031.png
0.0 0.0 0
32 0.14591655135154724 0.05639982968568802 -0.9212647080421448 -0.35608816146850586 0.052763 0.126620 5.481265 32 Half_Icosphere_0_8_ArrayCam_IN.032.png
0.0 0.0 0
33 0.23506170511245728 0.07761526852846146 -0.9200206995010376 -0.3037824332714081 -0.024759 0.122506 5.470963 33 Half_Icosphere_0_8_ArrayCam_IN.033.png
0.0 0.0 0
34 0.33180317282676697 0.11934080719947815 -0.8805453181266785 -0.31670865416526794 -0.041104 0.148533 5.485773 34 Half_Icosphere_0_8_ArrayCam_IN.034.png
0.0 0.0 0
35 0.3868679404258728 0.11708571761846542 -0.875455379486084 -0.26495665311813354 -0.135515 0.041635 5.490338 35 Half_Icosphere_0_8_ArrayCam_IN.035.png
0.0 0.0 0
36 0.5375444293022156 0.4593973159790039 -0.5375445485115051 -0.4593973457813263 -0.201680 0.226948 5.658939 36 Half_Icosphere_0_8_ArrayCam_IN.036.png
0.0 0.0 0
37 0.4630333185195923 0.3024991452693939 -0.6974736452102661 -0.45565882325172424 -0.132680 0.211692 5.583513 37 Half_Icosphere_0_8_ArrayCam_IN.037.png
0.0 0.0 0
38 0.4684385359287262 0.21553027629852295 -0.7783670425415039 -0.3581295311450958 -0.103798 0.118883 5.528767 38 Half_Icosphere_0_8_ArrayCam_IN.038.png
0.0 0.0 0
39 0.5675540566444397 0.4217609763145447 -0.5675540566444397 -0.42176109552383423 -0.201679 0.114296 5.629244 39 Half_Icosphere_0_8_ArrayCam_IN.039.png
0.0 0.0 0
40 0.6974736452102661 0.45565882325172424 -0.4630333185195923 -0.3024992346763611 -0.239047 0.068303 5.646418 40 Half_Icosphere_0_8_ArrayCam_IN.040.png
0.0 0.0 0
41 0.5264543294906616 0.28435268998146057 -0.7049797773361206 -0.3807792663574219 -0.132610 0.152754 5.555864 41 Half_Icosphere_0_8_ArrayCam_IN.041.png
0.0 0.0 0
42 0.6338487267494202 0.3134258985519409 -0.6338487267494202 -0.31342586874961853 -0.201680 0.096154 5.572497 42 Half_Icosphere_0_8_ArrayCam_IN.042.png
0.0 0.0 0
43 0.704979658126831 0.3807792365550995 -0.526454508304596 -0.28435274958610535 -0.254145 0.056961 5.618670 43 Half_Icosphere_0_8_ArrayCam_IN.043.png
0.0 0.0 0
44 0.7783670425415039 0.3581295907497406 -0.46843844652175903 -0.21553030610084534 -0.252613 -0.024547 5.651637 44 Half_Icosphere_0_8_ArrayCam_IN.044.png
0.0 0.0 0
45 0.5173511505126953 0.1860765814781189 -0.786003828048706 -0.2827034890651703 -0.138460 0.122754 5.516984 45 Half_Icosphere_0_8_ArrayCam_IN.045.png
0.0 0.0 0
46 0.6061495542526245 0.2001444697380066 -0.7309414148330688 -0.2413495033979416 -0.141608 0.075601 5.534245 46 Half_Icosphere_0_8_ArrayCam_IN.046.png
0.0 0.0 0
47 0.6595534086227417 0.25492990016937256 -0.6595534682273865 -0.25492995977401733 -0.201680 0.053860 5.561333 47 Half_Icosphere_0_8_ArrayCam_IN.047.png
0.0 0.0 0
48 0.7309413552284241 0.24134944379329681 -0.6061496734619141 -0.20014448463916779 -0.254787 0.031156 5.594211 48 Half_Icosphere_0_8_ArrayCam_IN.048.png
0.0 0.0 0
49 0.786003828048706 0.2827034890651703 -0.5173511505126953 -0.18607664108276367 -0.232021 0.021156 5.639950 49 Half_Icosphere_0_8_ArrayCam_IN.049.png
0.0 0.0 0
50 0.8275598287582397 0.2504611611366272 -0.4808676242828369 -0.1455346941947937 -0.303001 -0.080355 5.673410 50 Half_Icosphere_0_8_ArrayCam_IN.050.png
0.0 0.0 0
51 0.7508431673049927 0.6416869163513184 -0.11892369389533997 -0.10163483768701553 -0.177409 -0.045107 5.701854 51 Half_Icosphere_0_8_ArrayCam_IN.051.png
0.0 0.0 0
52 0.7845650911331177 0.5125554800033569 -0.29210782051086426 -0.1908336579799652 -0.217232 -0.029369 5.689268 52 Half_Icosphere_0_8_ArrayCam_IN.052.png
0.0 0.0 0
53 0.836485743522644 0.38487014174461365 -0.35437488555908203 -0.16304919123649597 -0.211311 -0.074563 5.694488 53 Half_Icosphere_0_8_ArrayCam_IN.053.png
0.0 0.0 0
54 0.7927596569061279 0.5891176462173462 -0.12556272745132446 -0.09330851584672928 -0.177409 -0.149428 5.708694 54 Half_Icosphere_0_8_ArrayCam_IN.054.png
0.0 0.0 0
55 0.8364319801330566 0.546440601348877 0.0353621244430542 0.023102058097720146 -0.109766 -0.155508 5.744602 55 Half_Icosphere_0_8_ArrayCam_IN.055.png
0.0 0.0 0
56 0.8402856588363647 0.4538627564907074 -0.26090216636657715 -0.14092081785202026 -0.187556 -0.073861 5.704440 56 Half_Icosphere_0_8_ArrayCam_IN.056.png
0.0 0.0 0
57 0.885360836982727 0.4377939999103546 -0.1402299702167511 -0.0693410187959671 -0.177412 -0.122704 5.739695 57 Half_Icosphere_0_8_ArrayCam_IN.057.png
0.0 0.0 0
58 0.8797822594642639 0.4751960039138794 -0.01153496652841568 -0.0062303682789206505 -0.152660 -0.158125 5.759689 58 Half_Icosphere_0_8_ArrayCam_IN.058.png
0.0 0.0 0
59 0.9050534963607788 0.41641849279403687 0.07853715866804123 0.036135245114564896 -0.102214 -0.200733 5.802574 59 Half_Icosphere_0_8_ArrayCam_IN.059.png
0.0 0.0 0
60 0.8805453181266785 0.31670865416526794 -0.33180317282676697 -0.11934074759483337 -0.225085 -0.044497 5.719401 60 Half_Icosphere_0_8_ArrayCam_IN.060.png
0.0 0.0 0
61 0.9200206995010376 0.3037824332714081 -0.23506174981594086 -0.07761521637439728 -0.168725 -0.088242 5.755301 61 Half_Icosphere_0_8_ArrayCam_IN.061.png
0.0 0.0 0
62 0.9212646484375 0.356088250875473 -0.1459166258573532 -0.05639985576272011 -0.177411 -0.131387 5.765157 62 Half_Icosphere_0_8_ArrayCam_IN.062.png
0.0 0.0 0
63 0.947629451751709 0.31289857625961304 -0.06075023114681244 -0.020059170201420784 -0.179968 -0.127339 5.808051 63 Half_Icosphere_0_8_ArrayCam_IN.063.png
0.0 0.0 0
64 0.9399814605712891 0.33808618783950806 0.043454915285110474 0.015629565343260765 -0.100815 -0.133868 5.827569 64 Half_Icosphere_0_8_ArrayCam_IN.064.png
0.0 0.0 0
65 0.9521567821502686 0.2881706953048706 0.09739721566438675 0.029477322474122047 -0.145534 -0.206376 5.862538 65 Half_Icosphere_0_8_ArrayCam_IN.065.png
0.0 0.0 0
66 0.6773450970649719 0.5788729786872864 0.34512704610824585 0.2949525713920593 0.092039 -0.106373 5.711518 66 Half_Icosphere_0_8_ArrayCam_IN.066.png
0.0 0.0 0
67 0.8064222931861877 0.526835024356842 0.2248382419347763 0.14688663184642792 0.007011 -0.177506 5.754253 67 Half_Icosphere_0_8_ArrayCam_IN.067.png
0.0 0.0 0
68 0.8850271701812744 0.40720421075820923 0.20498009026050568 0.09431209415197372 -0.002266 -0.211998 5.812224 68 Half_Icosphere_0_8_ArrayCam_IN.068.png
0.0 0.0 0
69 0.7151595950126648 0.5314509272575378 0.3643912076950073 0.27078720927238464 0.092029 -0.208823 5.726588 69 Half_Icosphere_0_8_ArrayCam_IN.069.png
0.0 0.0 0
70 0.6559011340141296 0.42849788069725037 0.5202544331550598 0.3398803472518921 0.162634 -0.112067 5.725548 70 Half_Icosphere_0_8_ArrayCam_IN.070.png
0.0 0.0 0
71 0.8331593871116638 0.45001357793807983 0.28283455967903137 0.1527671366930008 0.053179 -0.187591 5.779005 71 Half_Icosphere_0_8_ArrayCam_IN.071.png
0.0 0.0 0
72 0.7986962795257568 0.39493900537490845 0.40695619583129883 0.20123155415058136 0.092036 -0.171995 5.777350 72 Half_Icosphere_0_8_ArrayCam_IN.072.png
0.0 0.0 0
73 0.7185378074645996 0.38810214400291443 0.5077934861183167 0.2742733657360077 0.123306 -0.143880 5.750344 73 Half_Icosphere_0_8_ArrayCam_IN.073.png
0.0 0.0 0
74 0.6860395073890686 0.31564706563949585 0.5955179929733276 0.27399811148643494 0.164918 -0.146542 5.756154 74 Half_Icosphere_0_8_ArrayCam_IN.074.png
0.0 0.0 0
75 0.9074049592018127 0.32636916637420654 0.24913793802261353 0.08960819989442825 -0.002138 -0.148652 5.845463 75 Half_Icosphere_0_8_ArrayCam_IN.075.png
0.0 0.0 0
76 0.8824772238731384 0.2913852632045746 0.3506087064743042 0.11576752364635468 0.084595 -0.154227 5.844330 76 Half_Icosphere_0_8_ArrayCam_IN.076.png
0.0 0.0 0
77 0.8310858011245728 0.3212314546108246 0.4234585165977478 0.16367530822753906 0.092026 -0.173107 5.811061 77 Half_Icosphere_0_8_ArrayCam_IN.077.png
0.0 0.0 0
78 0.8023548722267151 0.26492840051651 0.5078582167625427 0.16768905520439148 0.096307 -0.133940 5.816967 78 Half_Icosphere_0_8_ArrayCam_IN.078.png
0.0 0.0 0
79 0.7349175214767456 0.26432883739471436 0.5876654982566833 0.2113664448261261 0.171195 -0.102294 5.789350 79 Half_Icosphere_0_8_ArrayCam_IN.079.png
0.0 0.0 0
80 0.713060736656189 0.21580609679222107 0.6384626626968384 0.19322916865348816 0.119278 -0.162272 5.796354 80 Half_Icosphere_0_8_ArrayCam_IN.080.png
0.0 0.0 0
81 0.6338974833488464 0.13182784616947174 0.7461352944374084 0.15516933798789978 0.318235 0.005531 5.757422 81 Half_Icosphere_0_8_ArrayCam_IN.081.png
0.0 0.0 0
82 0.5856761336326599 0.051508642733097076 0.8057965636253357 0.07086758315563202 0.259730 0.014029 5.711803 82 Half_Icosphere_0_8_ArrayCam_IN.082.png
0.0 0.0 0
83 -0.522098183631897 0.020494535565376282 -0.8519830107688904 0.03344393149018288 0.227271 -0.036391 5.675974 83 Half_Icosphere_0_8_ArrayCam_IN.083.png
0.0 0.0 0
84 0.5852935314178467 0.1052791103720665 0.7912589907646179 0.14232699573040009 0.226828 -0.020417 5.717276 84 Half_Icosphere_0_8_ArrayCam_IN.084.png
0.0 0.0 0
85 0.5128368139266968 0.11884856969118118 0.8282686471939087 0.19194909930229187 0.271307 0.002725 5.676311 85 Half_Icosphere_0_8_ArrayCam_IN.085.png
0.0 0.0 0
86 0.5218937397003174 0.025170519948005676 0.8516491651535034 0.04107430577278137 0.258168 -0.015866 5.667068 86 Half_Icosphere_0_8_ArrayCam_IN.086.png
0.0 0.0 0
87 0.45197197794914246 0.04277331009507179 0.8870426416397095 0.08394700288772583 0.234295 0.003879 5.625674 87 Half_Icosphere_0_8_ArrayCam_IN.087.png
0.0 0.0 0
88 0.44626593589782715 0.08339750021696091 0.8758434057235718 0.16367635130882263 0.234289 0.034991 5.631632 88 Half_Icosphere_0_8_ArrayCam_IN.088.png
0.0 0.0 0
89 0.36864587664604187 0.08543310314416885 0.9017374515533447 0.20897610485553741 0.190820 0.036845 5.606647 89 Half_Icosphere_0_8_ArrayCam_IN.089.png
0.0 0.0 0
90 -0.4523335099220276 0.03877322003245354 -0.8877501487731934 0.07609649002552032 0.234292 -0.001943 5.643804 90 Half_Icosphere_0_8_ArrayCam_IN.090.png
0.0 0.0 0
91 -0.3823900520801544 0.015010437928140163 -0.9231681227684021 0.03623836115002632 0.235546 -0.042138 5.602896 91 Half_Icosphere_0_8_ArrayCam_IN.091.png
0.0 0.0 0
92 0.3822402060031891 0.018435275182127953 0.9228065013885498 0.04450640082359314 0.204641 -0.008813 5.594105 92 Half_Icosphere_0_8_ArrayCam_IN.092.png
0.0 0.0 0
93 0.3076525032520294 0.027057530358433723 0.9474567770957947 0.08332711458206177 0.185868 0.039329 5.569060 93 Half_Icosphere_0_8_ArrayCam_IN.093.png
0.0 0.0 0
94 0.2961169183254242 0.053264033049345016 0.9386020302772522 0.16883105039596558 0.216265 0.032696 5.574423 94 Half_Icosphere_0_8_ArrayCam_IN.094.png
0.0 0.0 0
95 0.23103897273540497 0.048048388212919235 0.9514010548591614 0.19785945117473602 0.100388 0.089469 5.564330 95 Half_Icosphere_0_8_ArrayCam_IN.095.png
0.0 0.0 0
96 0.07426353543996811 0.015444283373653889 0.976231575012207 0.2030227929353714 0.249778 0.112334 5.511747 96 Half_Icosphere_0_8_ArrayCam_IN.096.png
0.0 0.0 0
97 0.000183777287020348 1.6168867659871466e-05 0.9961549043655396 0.0876094326376915 0.151633 0.058450 5.461224 97 Half_Icosphere_0_8_ArrayCam_IN.097.png
0.0 0.0 0
98 -0.07839853316545486 0.0030774648766964674 0.9961501359939575 -0.0391036719083786 0.080606 -0.054760 5.442307 98 Half_Icosphere_0_8_ArrayCam_IN.098.png
0.0 0.0 0
99 0.008418843150138855 0.0015143417986109853 0.9841686487197876 0.1770278811454773 0.123006 0.068880 5.477078 99 Half_Icosphere_0_8_ArrayCam_IN.099.png
0.0 0.0 0
100 0.0719536542892456 0.01667514443397522 -0.9715210199356079 -0.22514793276786804 0.126810 0.106423 5.464610 100 Half_Icosphere_0_8_ArrayCam_IN.100.png
0.0 0.0 0
101 0.0783679410815239 0.003779706312343478 -0.9957598447799683 -0.04802541434764862 0.111501 0.006683 5.433766 101 Half_Icosphere_0_8_ArrayCam_IN.101.png
0.0 0.0 0
102 0.15573981404304504 0.014738745987415314 -0.9832947254180908 -0.09305595606565475 0.052770 0.043005 5.420820 102 Half_Icosphere_0_8_ArrayCam_IN.102.png
0.0 0.0 0
103 0.15377353131771088 0.028737151995301247 -0.9708801507949829 -0.18143747746944427 0.052760 0.110306 5.437148 103 Half_Icosphere_0_8_ArrayCam_IN.103.png
0.0 0.0 0
104 0.23178963363170624 0.053716715425252914 -0.9462050199508667 -0.21928103268146515 -0.022728 0.114107 5.448920 104 Half_Icosphere_0_8_ArrayCam_IN.104.png
0.0 0.0 0
105 -0.15586167573928833 0.013360175304114819 0.9840797781944275 -0.08435379713773727 0.052762 -0.037438 5.438289 105 Half_Icosphere_0_8_ArrayCam_IN.105.png
0.0 0.0 0
106 -0.23326583206653595 0.009156761690974236 0.971621572971344 -0.03814082592725754 0.023634 -0.056055 5.425849 106 Half_Icosphere_0_8_ArrayCam_IN.106.png
0.0 0.0 0
107 0.23317426443099976 0.011245893314480782 -0.9712409973144531 -0.046842847019433975 -0.007279 0.008272 5.417335 107 Half_Icosphere_0_8_ArrayCam_IN.107.png
0.0 0.0 0
108 0.30800607800483704 0.02708846516907215 -0.9473419785499573 -0.08331670612096786 -0.051273 0.064147 5.429076 108 Half_Icosphere_0_8_ArrayCam_IN.108.png
0.0 0.0 0
109 0.3121340274810791 0.05614519491791725 -0.933397650718689 -0.16789525747299194 -0.023226 0.080844 5.444906 109 Half_Icosphere_0_8_ArrayCam_IN.109.png
0.0 0.0 0
110 0.3723059892654419 0.07742701470851898 -0.9055006504058838 -0.18831321597099304 -0.155493 0.131237 5.468264 110 Half_Icosphere_0_8_ArrayCam_IN.110.png
0.0 0.0 0
111 0.5137338042259216 0.1068386510014534 -0.833439290523529 -0.173326313495636 -0.026157 0.119382 5.495543 111 Half_Icosphere_0_8_ArrayCam_IN.111.png
0.0 0.0 0
112 0.5853768587112427 0.05148215964436531 -0.8060140609741211 -0.07088650017976761 -0.123810 0.054234 5.485022 112 Half_Icosphere_0_8_ArrayCam_IN.112.png
0.0 0.0 0
113 -0.6489492654800415 0.025474289432168007 0.7598199248313904 -0.029826510697603226 -0.187635 -0.049498 5.509161 113 Half_Icosphere_0_8_ArrayCam_IN.113.png
0.0 0.0 0
114 0.571669340133667 0.10282924771308899 -0.8011573553085327 -0.14410850405693054 -0.152791 0.062060 5.495409 114 Half_Icosphere_0_8_ArrayCam_IN.114.png
0.0 0.0 0
115 0.6292563080787659 0.14582820236682892 -0.7436849474906921 -0.1723465770483017 -0.142040 0.078018 5.522606 115 Half_Icosphere_0_8_ArrayCam_IN.115.png
0.0 0.0 0
116 0.6486948728561401 0.03128655627369881 -0.7595223188400269 -0.03663173317909241 -0.156733 0.000229 5.500515 116 Half_Icosphere_0_8_ArrayCam_IN.116.png
0.0 0.0 0
117 0.7039616107940674 0.06662042438983917 -0.7039612531661987 -0.06662040203809738 -0.201678 0.022712 5.527094 117 Half_Icosphere_0_8_ArrayCam_IN.117.png
0.0 0.0 0
118 0.695073664188385 0.12989479303359985 -0.6950736045837402 -0.12989477813243866 -0.201680 0.071227 5.538042 118 Half_Icosphere_0_8_ArrayCam_IN.118.png
0.0 0.0 0
119 0.7436849474906921 0.17234662175178528 -0.6292562484741211 -0.1458282321691513 -0.255754 0.048647 5.582572 119 Half_Icosphere_0_8_ArrayCam_IN.119.png
0.0 0.0 0
120 -0.7045233249664307 0.06038961187005043 0.7045232653617859 -0.06038958579301834 -0.201680 -0.019029 5.544905 120 Half_Icosphere_0_8_ArrayCam_IN.120.png
0.0 0.0 0
121 -0.7598200440406799 0.029826581478118896 0.6489490866661072 -0.025474360212683678 -0.210758 -0.044551 5.572065 121 Half_Icosphere_0_8_ArrayCam_IN.121.png
0.0 0.0 0
122 0.7595224380493164 0.03663214296102524 -0.6486947536468506 -0.031286824494600296 -0.241661 -0.005848 5.563321 122 Half_Icosphere_0_8_ArrayCam_IN.122.png
0.0 0.0 0
123 0.806013822555542 0.07088655233383179 -0.5853771567344666 -0.05148220434784889 -0.259767 0.032455 5.607893 123 Half_Icosphere_0_8_ArrayCam_IN.123.png
0.0 0.0 0
124 0.8011572957038879 0.1441086083650589 -0.571669340133667 -0.10282927006483078 -0.228641 0.016345 5.618375 124 Half_Icosphere_0_8_ArrayCam_IN.124.png
0.0 0.0 0
125 0.833439290523529 0.1733265370130539 -0.5137338042259216 -0.10683874040842056 -0.334192 0.047121 5.661755 125 Half_Icosphere_0_8_ArrayCam_IN.125.png
0.0 0.0 0
126 0.9055006504058838 0.18831317126750946 -0.37230607867240906 -0.07742693275213242 -0.128234 0.016933 5.731195 126 Half_Icosphere_0_8_ArrayCam_IN.126.png
0.0 0.0 0
127 0.9473418593406677 0.08331657946109772 -0.3080064356327057 -0.027088481932878494 -0.185942 0.007205 5.750305 127 Half_Icosphere_0_8_ArrayCam_IN.127.png
0.0 0.0 0
128 -0.9716215133666992 0.03814089670777321 0.23326604068279266 -0.009156852960586548 -0.206757 -0.027881 5.784140 128 Half_Icosphere_0_8_ArrayCam_IN.128.png
0.0 0.0 0
129 0.9333975911140442 0.16789540648460388 -0.3121342658996582 -0.056145329028367996 -0.219414 -0.031445 5.746930 129 Half_Icosphere_0_8_ArrayCam_IN.129.png
0.0 0.0 0
130 0.9462050199508667 0.21928101778030396 -0.23178958892822266 -0.05371672660112381 -0.163703 -0.043231 5.770148 130 Half_Icosphere_0_8_ArrayCam_IN.130.png
0.0 0.0 0
131 0.9712409377098083 0.046842657029628754 -0.23317447304725647 -0.011245917528867722 -0.175842 -0.026313 5.775064 131 Half_Icosphere_0_8_ArrayCam_IN.131.png
0.0 0.0 0
132 0.9832946062088013 0.09305597096681595 -0.15574023127555847 -0.014738747850060463 -0.177417 -0.028961 5.797627 132 Half_Icosphere_0_8_ArrayCam_IN.132.png
0.0 0.0 0
133 0.9708801507949829 0.18143746256828308 -0.1537739634513855 -0.028737200424075127 -0.177408 -0.028236 5.794876 133 Half_Icosphere_0_8_ArrayCam_IN.133.png
0.0 0.0 0
134 0.9715209603309631 0.22514793276786804 -0.071953684091568 -0.016675109043717384 -0.186231 -0.069068 5.822899 134 Half_Icosphere_0_8_ArrayCam_IN.134.png
0.0 0.0 0
135 -0.9840797781944275 0.08435381203889847 0.1558617204427719 -0.013360235840082169 -0.177405 0.027849 5.816311 135 Half_Icosphere_0_8_ArrayCam_IN.135.png
0.0 0.0 0
136 -0.9961501359939575 0.03910362347960472 0.07839864492416382 -0.003077518194913864 -0.143705 -0.023531 5.839476 136 Half_Icosphere_0_8_ArrayCam_IN.136.png
0.0 0.0 0
137 0.995759904384613 0.04802505671977997 -0.07836814969778061 -0.003779659979045391 -0.174600 -0.031654 5.830313 137 Half_Icosphere_0_8_ArrayCam_IN.137.png
0.0 0.0 0
138 0.9961549043655396 0.08760954439640045 0.0001836953597376123 1.6155549019458704e-05 -0.151484 -0.011955 5.858391 138 Half_Icosphere_0_8_ArrayCam_IN.138.png
0.0 0.0 0
139 0.9841686487197876 0.1770278811454773 0.008418637327849865 0.0015143068740144372 -0.116107 -0.071661 5.855100 139 Half_Icosphere_0_8_ArrayCam_IN.139.png
0.0 0.0 0
140 0.976231575012207 0.20302294194698334 0.07426353543996811 0.01544429361820221 -0.188762 -0.046632 5.877408 140 Half_Icosphere_0_8_ArrayCam_IN.140.png
0.0 0.0 0
141 0.9514010548591614 0.19785940647125244 0.23103900253772736 0.048048343509435654 0.084608 -0.053435 5.893047 141 Half_Icosphere_0_8_ArrayCam_IN.141.png
0.0 0.0 0
142 0.9474568963050842 0.08332709223031998 0.3076522946357727 0.02705746330320835 0.051098 -0.017647 5.890464 142 Half_Icosphere_0_8_ArrayCam_IN.142.png
0.0 0.0 0
143 -0.9231683015823364 0.036238688975572586 -0.38238951563835144 0.015010572969913483 0.049669 -0.019779 5.887237 143 Half_Icosphere_0_8_ArrayCam_IN.143.png
0.0 0.0 0
144 0.9386019706726074 0.16883112490177155 0.29611703753471375 0.0532640777528286 0.015209 -0.082420 5.884051 144 Half_Icosphere_0_8_ArrayCam_IN.144.png
0.0 0.0 0
145 0.9017375111579895 0.20897558331489563 0.3686460256576538 0.08543284982442856 0.091756 -0.089762 5.865143 145 Half_Icosphere_0_8_ArrayCam_IN.145.png
0.0 0.0 0
146 0.922806441783905 0.044506099075078964 0.38224026560783386 0.018435120582580566 0.080583 -0.036262 5.877998 146 Half_Icosphere_0_8_ArrayCam_IN.146.png
0.0 0.0 0
147 0.8870429992675781 0.08394628763198853 0.4519714117050171 0.04277283325791359 0.092028 -0.040596 5.858554 147 Half_Icosphere_0_8_ArrayCam_IN.147.png
0.0 0.0 0
148 0.8758435845375061 0.16367612779140472 0.4462656080722809 0.08339734375476837 0.092036 -0.050634 5.852717 148 Half_Icosphere_0_8_ArrayCam_IN.148.png
0.0 0.0 0
149 0.8282687664031982 0.19194860756397247 0.5128369331359863 0.11884823441505432 0.089767 -0.076358 5.837778 149 Half_Icosphere_0_8_ArrayCam_IN.149.png
0.0 0.0 0
150 -0.8877500295639038 0.07609710842370987 -0.45233362913131714 0.03877359256148338 0.092037 0.038411 5.877434 150 Half_Icosphere_0_8_ArrayCam_IN.150.png
0.0 0.0 0
151 -0.8519829511642456 0.03344402089715004 -0.5220982432365417 0.020494701340794563 0.132130 -0.022038 5.858530 151 Half_Icosphere_0_8_ArrayCam_IN.151.png
0.0 0.0 0
152 0.8516494631767273 0.04107365012168884 0.521893322467804 0.025170015171170235 0.101228 -0.033485 5.849338 152 Half_Icosphere_0_8_ArrayCam_IN.152.png
0.0 0.0 0
153 0.8057965040206909 0.07086753100156784 0.5856762528419495 0.05150863155722618 0.123939 -0.007705 5.834394 153 Half_Icosphere_0_8_ArrayCam_IN.153.png
0.0 0.0 0
154 0.7912594676017761 0.14232680201530457 0.5852929353713989 0.105278879404068 0.158860 -0.061558 5.827937 154 Half_Icosphere_0_8_ArrayCam_IN.154.png
0.0 0.0 0
155 0.7461352348327637 0.1551693081855774 0.633897602558136 0.13182787597179413 0.079825 -0.020456 5.817198 155 Half_Icosphere_0_8_ArrayCam_IN.155.png
0.0 0.0 0
156 0.1545913964509964 0.02393350377678871 0.9760603904724121 0.15111170709133148 0.177406 0.154112 5.530605 156 Half_Icosphere_0_8_ArrayCam_IN.156.png
0.0 0.0 0
157 0.23326586186885834 0.00915680080652237 0.971621572971344 0.03814078867435455 0.192008 0.047441 5.535386 157 Half_Icosphere_0_8_ArrayCam_IN.157.png
0.0 0.0 0
158 -0.3080061376094818 0.027088429778814316 -0.9473419189453125 0.08331659436225891 0.247018 -0.039307 5.569221 158 Half_Icosphere_0_8_ArrayCam_IN.158.png
0.0 0.0 0
159 0.1558617204427719 0.013360223732888699 0.9840798377990723 0.08435346186161041 0.177414 0.024712 5.511985 159 Half_Icosphere_0_8_ArrayCam_IN.159.png
0.0 0.0 0
160 0.07839883118867874 0.003077484667301178 0.9961501359939575 0.03910347446799278 0.158433 0.051793 5.480051 160 Half_Icosphere_0_8_ArrayCam_IN.160.png
0.0 0.0 0
161 -0.23317444324493408 0.011246045120060444 -0.9712409377098083 0.046843092888593674 0.222921 0.002302 5.526700 161 Half_Icosphere_0_8_ArrayCam_IN.161.png
0.0 0.0 0
162 -0.1557399034500122 0.014738805592060089 -0.983294665813446 0.09305623173713684 0.177407 -0.028975 5.494280 162 Half_Icosphere_0_8_ArrayCam_IN.162.png
0.0 0.0 0
163 -0.07836811244487762 0.00377970514819026 -0.9957598447799683 0.04802556335926056 0.127540 -0.003040 5.471452 163 Half_Icosphere_0_8_ArrayCam_IN.163.png
0.0 0.0 0
164 -0.0001833690475905314 1.6074436643975787e-05 0.9961548447608948 -0.08760966360569 0.090383 -0.058465 5.461134 164 Half_Icosphere_0_8_ArrayCam_IN.164.png
0.0 0.0 0
165 0.4486478269100189 0.06945856660604477 -0.8805155754089355 -0.13631917536258698 -0.092035 0.172872 5.471480 165 Half_Icosphere_0_8_ArrayCam_IN.165.png
0.0 0.0 0
166 0.38238975405693054 0.015010551549494267 -0.9231682419776917 -0.036238495260477066 -0.064413 0.055550 5.432289 166 Half_Icosphere_0_8_ArrayCam_IN.166.png
0.0 0.0 0
167 -0.3076521158218384 0.027057377621531487 0.947456955909729 -0.08332692086696625 0.009983 -0.064149 5.429060 167 Half_Icosphere_0_8_ArrayCam_IN.167.png
0.0 0.0 0
168 0.4523336589336395 0.038773346692323685 -0.8877500891685486 -0.07609651982784271 -0.092033 0.035264 5.450862 168 Half_Icosphere_0_8_ArrayCam_IN.168.png
0.0 0.0 0
169 0.5220979452133179 0.020494535565376282 -0.8519831299781799 -0.033443912863731384 -0.117398 0.053295 5.460996 169 Half_Icosphere_0_8_ArrayCam_IN.169.png
0.0 0.0 0
170 -0.38223984837532043 0.01843533292412758 0.9228065609931946 -0.04450676590204239 -0.033503 -0.007653 5.423764 170 Half_Icosphere_0_8_ArrayCam_IN.170.png
0.0 0.0 0
171 -0.4519709646701813 0.042773231863975525 0.8870431780815125 -0.0839473083615303 -0.092041 -0.040608 5.433353 171 Half_Icosphere_0_8_ArrayCam_IN.171.png
0.0 0.0 0
172 -0.521893322467804 0.02517041750252247 0.8516494035720825 -0.041074320673942566 -0.148292 -0.004887 5.452426 172 Half_Icosphere_0_8_ArrayCam_IN.172.png
0.0 0.0 0
173 -0.5856755375862122 0.0515088215470314 0.8057969212532043 -0.07086801528930664 -0.185031 -0.054205 5.485133 173 Half_Icosphere_0_8_ArrayCam_IN.173.png
0.0 0.0 0
174 0.8805156350135803 0.1363193541765213 -0.448647677898407 -0.06945857405662537 -0.234289 0.101178 5.697469 174 Half_Icosphere_0_8_ArrayCam_IN.174.png
0.0 0.0 0
175 0.8519830703735352 0.033443696796894073 -0.5220980048179626 -0.020494453608989716 -0.242000 0.038943 5.643552 175 Half_Icosphere_0_8_ArrayCam_IN.175.png
0.0 0.0 0
176 -0.8057968616485596 0.07086800038814545 0.5856756567955017 -0.051508884876966476 -0.198635 -0.032474 5.607724 176 Half_Icosphere_0_8_ArrayCam_IN.176.png
0.0 0.0 0
177 0.8877500891685486 0.07609652727842331 -0.45233356952667236 -0.038773249834775925 -0.234292 -0.005084 5.684491 177 Half_Icosphere_0_8_ArrayCam_IN.177.png
0.0 0.0 0
178 0.9231682419776917 0.03623860329389572 -0.38238969445228577 -0.015010523609817028 -0.220805 0.033192 5.716629 178 Half_Icosphere_0_8_ArrayCam_IN.178.png
0.0 0.0 0
179 -0.8516493439674377 0.04107443243265152 0.5218934416770935 -0.025170456618070602 -0.211106 0.012737 5.634696 179 Half_Icosphere_0_8_ArrayCam_IN.179.png
0.0 0.0 0
180 -0.8870431184768677 0.08394721895456314 0.45197099447250366 -0.042773228138685226 -0.234284 0.003868 5.666232 180 Half_Icosphere_0_8_ArrayCam_IN.180.png
0.0 0.0 0
181 -0.9228065609931946 0.04450654983520508 0.3822398781776428 -0.018435297533869743 -0.251716 0.019793 5.707659 181 Half_Icosphere_0_8_ArrayCam_IN.181.png
0.0 0.0 0
182 -0.9474570155143738 0.08332683145999908 0.30765199661254883 -0.02705737203359604 -0.246949 -0.007176 5.750464 182 Half_Icosphere_0_8_ArrayCam_IN.182.png
0.0 0.0 0
183 0.9760603904724121 0.15111187100410461 0.1545913815498352 0.02393357828259468 -0.052762 0.038109 5.896265 183 Half_Icosphere_0_8_ArrayCam_IN.183.png
0.0 0.0 0
184 0.9961501359939575 0.03910354897379875 0.07839883863925934 0.0030775179620832205 -0.095333 0.020563 5.877219 184 Half_Icosphere_0_8_ArrayCam_IN.184.png
0.0 0.0 0
185 -0.9961548447608948 0.08760984241962433 0.00018337472283747047 -1.6127431081258692e-05 -0.090532 0.011943 5.858303 185 Half_Icosphere_0_8_ArrayCam_IN.185.png
0.0 0.0 0
186 0.9840798377990723 0.0843534767627716 0.1558617204427719 0.01336019579321146 -0.052770 -0.040573 5.890008 186 Half_Icosphere_0_8_ArrayCam_IN.186.png
0.0 0.0 0
187 0.9716215133666992 0.038140710443258286 0.2332659363746643 0.009156772866845131 -0.008886 0.019270 5.893677 187 Half_Icosphere_0_8_ArrayCam_IN.187.png
0.0 0.0 0
188 -0.9957598447799683 0.048025600612163544 -0.07836813479661942 0.003779703052714467 -0.064441 0.035301 5.867997 188 Half_Icosphere_0_8_ArrayCam_IN.188.png
0.0 0.0 0
189 -0.983294665813446 0.09305615723133087 -0.1557399481534958 0.014738778583705425 -0.052760 0.042989 5.871088 189 Half_Icosphere_0_8_ArrayCam_IN.189.png
0.0 0.0 0
190 -0.9712409377098083 0.046843066811561584 -0.23317451775074005 0.01124604046344757 -0.039798 0.036890 5.884429 190 Half_Icosphere_0_8_ArrayCam_IN.190.png
0.0 0.0 0
191 -0.9473419189453125 0.08331657946109772 -0.308006227016449 0.02708849497139454 -0.009806 0.017637 5.890450 191 Half_Icosphere_0_8_ArrayCam_IN.191.png
0.0 0.0 0
192 0.6987819671630859 0.10818321257829666 0.6987821459770203 0.10818309336900711 0.201681 0.070823 5.793138 192 Half_Icosphere_0_8_ArrayCam_IN.192.png
0.0 0.0 0
193 0.7598199248313904 0.029826534911990166 0.6489492654800415 0.025474311783909798 0.172901 0.025815 5.810369 193 Half_Icosphere_0_8_ArrayCam_IN.193.png
0.0 0.0 0
194 -0.8060138821601868 0.07088670134544373 -0.585377037525177 0.05148220434784889 0.184892 0.007719 5.834506 194 Half_Icosphere_0_8_ArrayCam_IN.194.png
0.0 0.0 0
195 0.7045232653617859 0.0603896863758564 0.7045233249664307 0.06038963422179222 0.201680 -0.022158 5.783394 195 Half_Icosphere_0_8_ArrayCam_IN.195.png
0.0 0.0 0
196 0.6489492058753967 0.025474296882748604 0.7598199844360352 0.029826493933796883 0.225495 0.030761 5.747465 196 Half_Icosphere_0_8_ArrayCam_IN.196.png
0.0 0.0 0
197 -0.7595223188400269 0.03663181513547897 -0.6486948728561401 0.03128660097718239 0.203801 0.028850 5.801251 197 Half_Icosphere_0_8_ArrayCam_IN.197.png
0.0 0.0 0
198 -0.7039613723754883 0.06662008911371231 -0.7039614915847778 0.0666201114654541 0.201680 0.022686 5.764817 198 Half_Icosphere_0_8_ArrayCam_IN.198.png
0.0 0.0 0
199 -0.6486949324607849 0.03128661587834358 -0.7595223188400269 0.03663179650902748 0.194592 0.022778 5.738446 199 Half_Icosphere_0_8_ArrayCam_IN.199.png
0.0 0.0 0
200 -0.5853771567344666 0.05148211121559143 -0.806013822555542 0.0708865150809288 0.198679 -0.014064 5.711636 200 Half_Icosphere_0_8_ArrayCam_IN.200.png
0.0 0.0 0
