# Camera list with one line of data per camera:
# CAMERA_ID, MODEL, WIDTH, HEIGHT, PARAMS[]
1 PINHOLE 960 960 863.611115 863.611115 500.000000 500.000000 0 0 0 0
2 PINHOLE 960 960 863.611115 863.611115 500.000000 500.000000 0 0 0 0
3 PINHOLE 960 960 863.611115 863.611115 500.000000 500.000000 0 0 0 0
4 PINHOLE 960 960 863.611115 863.611115 500.000000 500.000000 0 0 0 0
5 PINHOLE 960 960 863.611115 863.611115 500.000000 500.000000 0 0 0 0
6 PINHOLE 960 960 863.611115 863.611115 500.000000 500.000000 0 0 0 0
7 PINHOLE 960 960 863.611115 863.611115 500.000000 500.000000 0 0 0 0
8 PINHOLE 960 960 863.611115 863.611115 500.000000 500.000000 0 0 0 0
9 PINHOLE 960 960 863.611115 863.611115 500.000000 500.000000 0 0 0 0
10 PINHOLE 960 960 863.611115 863.611115 500.000000 500.000000 0 0 0 0
11 PINHOLE 960 960 863.611115 863.611115 500.000000 500.000000 0 0 0 0
12 PINHOLE 960 960 863.611115 863.611115 500.000000 500.000000 0 0 0 0
13 PINHOLE 960 960 863.611115 863.611115 500.000000 500.000000 0 0 0 0
14 PINHOLE 960 960 863.611115 863.611115 500.000000 500.000000 0 0 0 0
15 PINHOLE 960 960 863.611115 863.611115 500.000000 500.000000 0 0 0 0
16 PINHOLE 960 960 863.611115 863.611115 500.000000 500.000000 0 0 0 0
17 PINHOLE 960 960 863.611115 863.611115 500.000000 500.000000 0 0 0 0
18 PINHOLE 960 960 863.611115 863.611115 500.000000 500.000000 0 0 0 0
19 PINHOLE 960 960 863.611115 863.611115 500.000000 500.000000 0 0 0 0
20 PINHOLE 960 960 863.611115 863.611115 500.000000 500.000000 0 0 0 0
21 PINHOLE 960 960 863.611115 863.611115 500.000000 500.000000 0 0 0 0
22 PINHOLE 960 960 863.611115 863.611115 500.000000 500.000000 0 0 0 0
23 PINHOLE 960 960 863.611115 863.611115 500.000000 500.000000 0 0 0 0
24 PINHOLE 960 960 863.611115 863.611115 500.000000 500.000000 0 0 0 0
25 PINHOLE 960 960 863.611115 863.611115 500.000000 500.000000 0 0 0 0
26 PINHOLE 960 960 863.611115 863.611115 500.000000 500.000000 0 0 0 0
27 PINHOLE 960 960 863.611115 863.611115 500.000000 500.000000 0 0 0 0
28 PINHOLE 960 960 863.611115 863.611115 500.000000 500.000000 0 0 0 0
29 PINHOLE 960 960 863.611115 863.611115 500.000000 500.000000 0 0 0 0
30 PINHOLE 960 960 863.611115 863.611115 500.000000 500.000000 0 0 0 0
31 PINHOLE 960 960 863.611115 863.611115 500.000000 500.000000 0 0 0 0
32 PINHOLE 960 960 863.611115 863.611115 500.000000 500.000000 0 0 0 0
33 PINHOLE 960 960 863.611115 863.611115 500.000000 500.000000 0 0 0 0