# Image list with two lines per image
# IMAGE_ID, QW, QX, QY, QZ, TX, TY, TZ, CAMERA_ID, NAME
1 0.04903925582766533 0.001672388636507094 0.9982151389122009 0.03404201567173004 0.032350 0.772234 5.220828 1 Cylinder.004_ArrayCam_IN.001.png
0.0 0.0 0
2 0.1466451734304428 0.005001002456992865 0.988601803779602 0.03371415287256241 0.062384 0.771599 5.230136 2 Cylinder.004_ArrayCam_IN.002.png
0.0 0.0 0
3 0.24283897876739502 0.008281590417027473 0.9694676399230957 0.03306163474917412 0.090019 0.770576 5.245111 3 Cylinder.004_ArrayCam_IN.003.png
0.0 0.0 0
4 0.3366941511631012 0.011482310481369495 0.9409970045089722 0.032090701162815094 0.114194 0.769206 5.265179 4 Cylinder.004_ArrayCam_IN.004.png
0.0 0.0 0
5 0.4273066222667694 0.014572394080460072 0.9034640789031982 0.03081074170768261 0.133982 0.767541 5.289564 5 Cylinder.004_ArrayCam_IN.005.png
0.0 0.0 0
6 0.5138040781021118 0.017522277310490608 0.8572302460670471 0.029233992099761963 0.148620 0.765644 5.317334 6 Cylinder.004_ArrayCam_IN.006.png
0.0 0.0 0
7 0.5953533053398132 0.02030331641435623 0.8027408123016357 0.027375822886824608 0.157546 0.763590 5.347419 7 Cylinder.004_ArrayCam_IN.007.png
0.0 0.0 0
8 0.6711687445640564 0.022888796404004097 0.740520715713501 0.02525389939546585 0.160421 0.761457 5.378663 8 Cylinder.004_ArrayCam_IN.008.png
0.0 0.0 0
9 0.7405206561088562 0.025253834202885628 0.6711688041687012 0.02288881316781044 0.157128 0.759326 5.409866 9 Cylinder.004_ArrayCam_IN.009.png
0.0 0.0 0
10 0.802740752696991 0.02737569808959961 0.5953533053398132 0.02030334062874317 0.147798 0.757281 5.439828 10 Cylinder.004_ArrayCam_IN.010.png
0.0 0.0 0
11 0.8572302460670471 0.02923410013318062 0.5138040781021118 0.017522215843200684 0.132788 0.755397 5.467400 11 Cylinder.004_ArrayCam_IN.011.png
0.0 0.0 0
12 0.903464138507843 0.03081076219677925 0.4273066520690918 0.014572402462363243 0.112674 0.753750 5.491520 12 Cylinder.004_ArrayCam_IN.012.png
0.0 0.0 0
13 0.9409970045089722 0.03209072723984718 0.3366941809654236 0.011482263915240765 0.088231 0.752403 5.511261 13 Cylinder.004_ArrayCam_IN.013.png
0.0 0.0 0
14 0.9694676399230957 0.03306165710091591 0.2428390234708786 0.008281508460640907 0.060396 0.751405 5.525865 14 Cylinder.004_ArrayCam_IN.014.png
0.0 0.0 0
15 0.988601803779602 0.03371424973011017 0.1466451734304428 0.00500101875513792 0.030241 0.750797 5.534772 15 Cylinder.004_ArrayCam_IN.015.png
0.0 0.0 0
16 0.9982151389122009 0.034042052924633026 0.04903925582766533 0.0016723850276321173 -0.001074 0.750601 5.537638 16 Cylinder.004_ArrayCam_IN.016.png
0.0 0.0 0
17 0.9982151389122009 0.034042052924633026 -0.04903925582766533 -0.0016723850276321173 -0.032352 0.750826 5.534354 17 Cylinder.004_ArrayCam_IN.017.png
0.0 0.0 0
18 0.988601803779602 0.03371424973011017 -0.14664514362812042 -0.0050010294653475285 -0.062382 0.751461 5.525044 18 Cylinder.004_ArrayCam_IN.018.png
0.0 0.0 0
19 0.9694676399230957 0.03306173160672188 -0.242839053273201 -0.008281487040221691 -0.090019 0.752483 5.510069 19 Cylinder.004_ArrayCam_IN.019.png
0.0 0.0 0
20 0.9409970045089722 0.03209072723984718 -0.3366941809654236 -0.011482263915240765 -0.114195 0.753854 5.490003 20 Cylinder.004_ArrayCam_IN.020.png
0.0 0.0 0
21 0.903464138507843 0.03081076219677925 -0.4273066520690918 -0.014572402462363243 -0.133981 0.755519 5.465616 21 Cylinder.004_ArrayCam_IN.021.png
0.0 0.0 0
22 0.8572302460670471 0.029234053567051888 -0.5138040781021118 -0.017522281035780907 -0.148620 0.757415 5.437847 22 Cylinder.004_ArrayCam_IN.022.png
0.0 0.0 0
23 0.8027408123016357 0.027375727891921997 -0.5953533053398132 -0.020303336903452873 -0.157548 0.759470 5.407763 23 Cylinder.004_ArrayCam_IN.023.png
0.0 0.0 0
24 0.740520715713501 0.025253912433981895 -0.6711686849594116 -0.02288881130516529 -0.160418 0.761603 5.376518 24 Cylinder.004_ArrayCam_IN.024.png
0.0 0.0 0
25 0.6711687445640564 0.022888796404004097 -0.740520715713501 -0.02525389939546585 -0.157129 0.763734 5.345315 25 Cylinder.004_ArrayCam_IN.025.png
0.0 0.0 0
26 0.5953533053398132 0.02030329778790474 -0.8027408123016357 -0.027375778183341026 -0.147796 0.765780 5.315353 26 Cylinder.004_ArrayCam_IN.026.png
0.0 0.0 0
27 0.5138039588928223 0.017522212117910385 -0.8572303056716919 -0.02923407219350338 -0.132788 0.767662 5.287781 27 Cylinder.004_ArrayCam_IN.027.png
0.0 0.0 0
28 0.4273066222667694 0.014572394080460072 -0.9034640789031982 -0.03081074170768261 -0.112674 0.769309 5.263661 28 Cylinder.004_ArrayCam_IN.028.png
0.0 0.0 0
29 0.3366941511631012 0.011482310481369495 -0.9409970045089722 -0.032090701162815094 -0.088230 0.770657 5.243920 29 Cylinder.004_ArrayCam_IN.029.png
0.0 0.0 0
30 0.242839053273201 0.008281547576189041 -0.9694676399230957 -0.0330616757273674 -0.060396 0.771654 5.229315 30 Cylinder.004_ArrayCam_IN.030.png
0.0 0.0 0
31 -6.888043913022557e-08 1.30697671352209e-07 -0.7071067690849304 -0.7071067690849304 0.016793 0.159542 2.448708 31 Cylinder.004_ArrayCam_IN.032.png
0.0 0.0 0
32 0.14664509892463684 0.005001023877412081 -0.988601803779602 -0.03371415287256241 -0.030243 0.772263 5.220409 32 Cylinder.004_ArrayCam_IN.033.png
0.0 0.0 0
33 0.04903925582766533 0.001672388636507094 -0.9982151389122009 -0.03404201567173004 0.001076 0.772459 5.217544 33 Cylinder.004_ArrayCam_IN.034.png
0.0 0.0 0
